1277[10] -1 4235[6] -1 2469[7] -1 1475[6] -1 1375[10] -1 3769[4] -1 2589[9] -1 2992[7] -1 2993[6] -1 2994[9] -1 2991[8] -1 3004[7] -1 3003[5] -1 -2 SUtility:94

1277[9] -1 4063[8] -1 4064[8] -1 4065[6] -1 2426[8] -1 4096[8] -1 3798[8] -1 2759[8] -1 3818[8] -1 4126[8] -1 3432[8] -1 912[8] -1 2498[8] -1 4196[5] -1 4048[8] -1 2787[8] -1 901[6] -1 2435[8] -1 4197[8] -1 4049[8] -1 3373[8] -1 3381[8] -1 294[9] -1 4176[8] -1 4177[8] -1 3827[8] -1 3803[8] -1 1408[8] -1 3442[8] -1 3388[6] -1 4054[8] -1 904[8] -1 3829[8] -1 4830[8] -1 1213[8] -1 3446[9] -1 3454[9] -1 3843[8] -1 4044[8] -1 4994[8] -1 3437[8] -1 4058[6] -1 3387[8] -1 3016[6] -1 3828[8] -1 4921[8] -1 4676[8] -1 3613[8] -1 4913[8] -1 4575[8] -1 4302[8] -1 2785[8] -1 4688[8] -1 4303[8] -1 1287[8] -1 1288[8] -1 3502[8] -1 4312[8] -1 1293[8] -1 1294[8] -1 1295[8] -1 1050[5] -1 1286[4] -1 5020[8] -1 3800[8] -1 3499[8] -1 3089[8] -1 2915[9] -1 3211[8] -1 2281[8] -1 3371[8] -1 5018[6] -1 3663[8] -1 1241[8] -1 3081[8] -1 316[8] -1 331[8] -1 2441[8] -1 2442[8] -1 4337[8] -1 2446[9] -1 2077[6] -1 4336[8] -1 1815[8] -1 2445[8] -1 1814[8] -1 2448[8] -1 4339[7] -1 2522[8] -1 4328[8] -1 4329[8] -1 4330[8] -1 4331[6] -1 4060[8] -1 4224[7] -1 1951[8] -1 354[8] -1 2500[8] -1 1418[8] -1 324[9] -1 1344[8] -1 2667[8] -1 822[8] -1 536[8] -1 632[8] -1 1803[9] -1 1805[4] -1 4603[8] -1 3586[8] -1 3620[8] -1 3466[8] -1 4342[8] -1 3515[8] -1 4351[8] -1 4352[8] -1 1816[9] -1 1058[6] -1 4350[5] -1 4353[8] -1 4366[8] -1 1315[8] -1 3634[8] -1 307[8] -1 4909[8] -1 3505[8] -1 4935[6] -1 4420[8] -1 5005[9] -1 4421[8] -1 4422[9] -1 4423[8] -1 4424[9] -1 3398[8] -1 3400[8] -1 1503[8] -1 3433[8] -1 3390[8] -1 1440[8] -1 1582[8] -1 2895[9] -1 273[9] -1 4452[8] -1 4455[7] -1 2516[6] -1 2517[8] -1 2514[8] -1 2961[8] -1 2960[8] -1 2959[8] -1 -2 SUtility:1164

1277[9] -1 2496[5] -1 4425[8] -1 4426[8] -1 4421[8] -1 4422[9] -1 4423[5] -1 2785[8] -1 4308[8] -1 2784[8] -1 4312[8] -1 4395[8] -1 4416[8] -1 3831[8] -1 4071[8] -1 4991[8] -1 4364[8] -1 291[9] -1 3819[8] -1 4045[8] -1 3395[8] -1 4346[8] -1 3434[8] -1 2511[8] -1 4096[8] -1 4222[3] -1 4223[8] -1 2427[8] -1 2428[6] -1 898[6] -1 3820[8] -1 3817[8] -1 4176[8] -1 1282[8] -1 4402[8] -1 4125[8] -1 4413[8] -1 4400[8] -1 4046[8] -1 3436[8] -1 911[8] -1 2497[8] -1 4052[8] -1 2759[8] -1 3396[8] -1 4072[8] -1 4097[6] -1 2783[8] -1 4439[8] -1 4440[8] -1 4441[9] -1 4064[8] -1 4042[8] -1 890[8] -1 4043[8] -1 4352[8] -1 3473[4] -1 4053[8] -1 4417[8] -1 3374[8] -1 3181[8] -1 4276[8] -1 4403[8] -1 2754[8] -1 891[6] -1 4277[6] -1 294[7] -1 3802[8] -1 4443[8] -1 4444[8] -1 4445[3] -1 1819[7] -1 1070[9] -1 4688[8] -1 4453[8] -1 4452[8] -1 4575[8] -1 1570[8] -1 3494[8] -1 4472[8] -1 4480[8] -1 4482[6] -1 4481[8] -1 4343[5] -1 3417[8] -1 3416[5] -1 3414[8] -1 80[8] -1 4983[9] -1 2474[9] -1 2938[8] -1 4961[8] -1 3432[8] -1 2939[8] -1 4978[8] -1 4977[8] -1 4979[8] -1 4995[8] -1 4996[8] -1 4762[8] -1 4763[8] -1 2961[4] -1 3810[8] -1 2992[8] -1 4567[8] -1 4302[6] -1 1369[8] -1 -2 SUtility:817

1277[9] -1 3840[6] -1 3841[6] -1 3816[6] -1 3817[4] -1 3843[4] -1 1215[4] -1 4472[6] -1 4467[8] -1 4473[8] -1 4468[8] -1 4049[6] -1 3381[8] -1 4989[8] -1 3504[4] -1 4480[8] -1 4481[6] -1 4482[8] -1 4476[8] -1 4477[8] -1 3432[8] -1 293[8] -1 3434[8] -1 3436[8] -1 3447[9] -1 3443[9] -1 291[9] -1 3435[9] -1 3433[8] -1 3454[9] -1 3448[8] -1 80[8] -1 2474[2] -1 4983[9] -1 4577[8] -1 3771[8] -1 3417[8] -1 3805[8] -1 3806[8] -1 3416[7] -1 3414[8] -1 2785[8] -1 4308[8] -1 4312[8] -1 4302[8] -1 4275[8] -1 1289[8] -1 4565[8] -1 3826[4] -1 2418[8] -1 3830[6] -1 4328[4] -1 4575[8] -1 5022[4] -1 4908[8] -1 4938[8] -1 4708[4] -1 3769[3] -1 987[8] -1 4576[4] -1 2919[8] -1 2920[8] -1 2921[8] -1 4899[6] -1 4336[8] -1 3395[8] -1 4991[8] -1 1283[8] -1 4425[8] -1 2426[8] -1 4313[8] -1 4303[8] -1 3807[8] -1 2929[8] -1 4965[8] -1 2930[8] -1 4966[8] -1 4961[8] -1 2923[8] -1 2786[8] -1 2510[8] -1 4329[8] -1 4346[8] -1 4439[8] -1 4337[4] -1 4911[8] -1 3814[6] -1 4195[8] -1 4175[6] -1 4276[6] -1 4399[8] -1 2518[8] -1 2427[6] -1 4309[8] -1 4340[8] -1 4426[8] -1 4421[4] -1 4074[8] -1 4443[6] -1 4330[8] -1 4341[8] -1 2496[9] -1 2938[8] -1 2939[8] -1 2940[8] -1 4978[8] -1 3832[8] -1 3833[8] -1 4977[8] -1 3834[8] -1 2784[4] -1 4762[8] -1 4763[8] -1 4995[8] -1 4996[8] -1 5028[8] -1 5029[6] -1 3076[8] -1 3077[8] -1 5049[8] -1 5050[8] -1 5051[8] -1 5052[5] -1 3810[8] -1 4567[8] -1 2952[8] -1 4570[8] -1 4571[8] -1 4572[8] -1 4573[8] -1 2961[8] -1 2960[8] -1 2950[8] -1 4422[7] -1 3016[8] -1 4198[6] -1 2895[7] -1 3895[6] -1 2788[6] -1 1415[5] -1 641[8] -1 4872[8] -1 1295[6] -1 3463[8] -1 4040[8] -1 3981[8] -1 4550[8] -1 5042[8] -1 4568[8] -1 4674[8] -1 2977[9] -1 2976[8] -1 2975[8] -1 1857[8] -1 5053[8] -1 5054[8] -1 5055[8] -1 5056[8] -1 2731[6] -1 2978[8] -1 2979[8] -1 2981[4] -1 4343[8] -1 2985[8] -1 4502[8] -1 1895[8] -1 5188[8] -1 5189[9] -1 5763[8] -1 5764[8] -1 5765[8] -1 5766[8] -1 5767[8] -1 5768[8] -1 5769[8] -1 5770[8] -1 5771[8] -1 5772[8] -1 -2 SUtility:1324

4395[4] -1 4396[8] -1 4397[8] -1 2454[7] -1 2790[8] -1 4365[5] -1 4366[8] -1 1315[6] -1 1277[9] -1 4399[8] -1 4400[8] -1 4312[8] -1 1815[8] -1 4402[8] -1 4403[8] -1 4404[5] -1 4413[8] -1 4414[8] -1 4415[8] -1 2462[8] -1 2464[8] -1 4688[8] -1 4575[8] -1 4416[8] -1 4417[8] -1 4418[8] -1 2467[6] -1 4425[8] -1 4426[8] -1 4016[6] -1 4427[6] -1 4443[8] -1 4444[8] -1 4445[9] -1 1819[9] -1 4439[8] -1 5005[7] -1 4452[8] -1 4453[8] -1 4454[8] -1 -2 SUtility:303

1277[10] -1 3328[9] -1 804[9] -1 898[5] -1 4030[9] -1 2467[9] -1 4674[7] -1 1105[4] -1 4440[9] -1 2469[3] -1 4439[9] -1 4441[4] -1 4442[9] -1 4443[9] -1 4444[9] -1 4445[10] -1 1069[3] -1 1819[4] -1 4480[9] -1 4481[9] -1 4482[9] -1 4483[9] -1 4484[6] -1 1072[9] -1 3413[9] -1 -2 SUtility:191

3432[8] -1 293[8] -1 3434[8] -1 3436[8] -1 3447[9] -1 3443[9] -1 1277[9] -1 291[2] -1 3435[5] -1 3433[8] -1 3454[9] -1 3448[8] -1 80[8] -1 2474[9] -1 4983[9] -1 3989[8] -1 4909[8] -1 1928[8] -1 3991[8] -1 2426[8] -1 2427[8] -1 2428[8] -1 2429[8] -1 2432[6] -1 2430[8] -1 3771[8] -1 4577[8] -1 391[8] -1 4275[8] -1 4276[8] -1 4277[8] -1 2759[8] -1 2758[6] -1 3395[8] -1 3391[6] -1 3392[4] -1 3390[6] -1 4424[5] -1 4423[8] -1 4422[9] -1 4421[8] -1 -2 SUtility:311

1277[9] -1 2496[4] -1 4423[6] -1 3806[8] -1 3805[4] -1 3807[6] -1 4961[8] -1 4962[8] -1 4963[8] -1 2938[8] -1 2939[6] -1 2940[6] -1 4977[8] -1 2952[8] -1 2953[8] -1 2954[8] -1 2955[8] -1 -2 SUtility:121

2999[8] -1 3001[8] -1 1867[8] -1 3000[6] -1 1869[8] -1 2961[8] -1 1277[9] -1 2785[8] -1 2938[8] -1 3810[8] -1 4961[8] -1 2992[6] -1 2985[8] -1 3417[8] -1 3396[6] -1 4277[8] -1 3828[8] -1 2997[8] -1 2995[8] -1 2998[8] -1 2996[8] -1 1215[8] -1 4198[6] -1 2469[6] -1 3504[8] -1 4989[8] -1 3354[6] -1 4688[6] -1 4575[8] -1 4343[4] -1 1415[6] -1 4031[8] -1 1286[8] -1 3798[4] -1 1908[8] -1 1390[6] -1 3415[8] -1 3004[8] -1 3003[8] -1 1205[8] -1 3002[8] -1 1206[5] -1 1208[9] -1 1207[8] -1 1570[8] -1 3577[4] -1 2441[8] -1 3441[9] -1 923[8] -1 5005[5] -1 1357[4] -1 3465[5] -1 3448[8] -1 3486[4] -1 4502[8] -1 4503[8] -1 959[8] -1 1093[6] -1 1271[8] -1 1270[8] -1 3009[5] -1 883[4] -1 884[7] -1 -2 SUtility:450

1277[9] -1 4476[8] -1 3432[8] -1 4472[8] -1 4482[4] -1 3416[9] -1 2961[8] -1 5188[8] -1 -2 SUtility:62

2950[9] -1 2951[9] -1 2992[2] -1 2997[9] -1 2995[9] -1 2998[9] -1 2999[4] -1 3001[9] -1 1867[9] -1 3004[9] -1 3003[7] -1 3002[9] -1 1205[7] -1 3006[9] -1 3005[9] -1 1269[7] -1 5067[5] -1 5068[6] -1 5069[8] -1 2576[5] -1 2579[7] -1 4591[7] -1 4592[9] -1 -2 SUtility:173

1277[9] -1 2785[8] -1 2938[8] -1 3810[3] -1 292[8] -1 291[9] -1 4364[8] -1 3819[8] -1 3811[3] -1 3432[5] -1 2961[4] -1 4961[6] -1 4308[8] -1 4312[8] -1 4567[8] -1 4302[8] -1 2952[4] -1 2950[6] -1 2496[9] -1 2784[8] -1 4395[8] -1 3831[8] -1 4416[8] -1 4071[8] -1 4045[8] -1 3434[8] -1 2511[8] -1 4096[8] -1 2960[8] -1 4223[8] -1 4477[8] -1 4402[8] -1 4125[8] -1 1289[8] -1 3417[8] -1 4476[8] -1 3840[8] -1 4472[8] -1 293[8] -1 3396[8] -1 4072[8] -1 2768[7] -1 4275[8] -1 3441[7] -1 5697[8] -1 2769[9] -1 2992[6] -1 5028[8] -1 2985[8] -1 2561[7] -1 4779[8] -1 3805[8] -1 4978[8] -1 4565[8] -1 3826[8] -1 2418[8] -1 4502[8] -1 3830[8] -1 5053[8] -1 4328[8] -1 2929[8] -1 3395[8] -1 4336[8] -1 1857[8] -1 4991[8] -1 3832[8] -1 2987[8] -1 1283[8] -1 4425[8] -1 3981[8] -1 2426[8] -1 4313[8] -1 4303[8] -1 2962[8] -1 2923[8] -1 4550[8] -1 4762[8] -1 2786[8] -1 2510[8] -1 5042[8] -1 4329[8] -1 2919[8] -1 2999[8] -1 4346[8] -1 5774[8] -1 3010[8] -1 2978[8] -1 4480[8] -1 5049[8] -1 2984[8] -1 3076[8] -1 4467[8] -1 4337[8] -1 3841[8] -1 4195[8] -1 4050[9] -1 4993[8] -1 4175[6] -1 3015[5] -1 3013[6] -1 4962[8] -1 3014[8] -1 4439[8] -1 4276[8] -1 5068[6] -1 5070[5] -1 3824[8] -1 4995[8] -1 4399[8] -1 2579[8] -1 5054[8] -1 4341[6] -1 2518[8] -1 2427[8] -1 4591[8] -1 5071[8] -1 4340[8] -1 4426[8] -1 4037[8] -1 4038[8] -1 4397[8] -1 4055[8] -1 2753[8] -1 3495[8] -1 4992[8] -1 2467[8] -1 3351[8] -1 5013[8] -1 3451[8] -1 4396[8] -1 1714[8] -1 3311[8] -1 2981[8] -1 3455[8] -1 -2 SUtility:1033

2961[8] -1 1277[9] -1 2785[8] -1 2938[8] -1 3810[6] -1 4961[8] -1 4308[8] -1 4312[8] -1 4567[8] -1 4302[8] -1 4275[6] -1 1289[8] -1 5028[8] -1 3417[8] -1 4476[8] -1 3805[8] -1 3840[6] -1 4472[8] -1 4978[8] -1 4565[8] -1 2418[8] -1 3830[8] -1 5053[8] -1 4328[8] -1 2929[8] -1 3395[8] -1 4336[8] -1 2952[8] -1 2950[6] -1 1857[8] -1 4991[6] -1 3832[8] -1 1283[8] -1 2978[8] -1 4425[8] -1 3981[8] -1 2426[8] -1 4313[8] -1 4303[4] -1 2962[8] -1 2986[6] -1 2923[8] -1 3004[4] -1 1208[7] -1 3003[8] -1 4072[8] -1 4351[8] -1 3006[8] -1 3005[8] -1 5071[8] -1 4048[5] -1 -2 SUtility:385

1277[3] -1 291[9] -1 293[8] -1 3432[8] -1 3436[8] -1 3434[8] -1 3435[4] -1 294[3] -1 3433[8] -1 1408[8] -1 3447[7] -1 3442[8] -1 3445[8] -1 3440[5] -1 3446[5] -1 3441[7] -1 3437[6] -1 3443[7] -1 2912[4] -1 3454[9] -1 4830[4] -1 3473[8] -1 3303[4] -1 3444[8] -1 1242[2] -1 3439[8] -1 4805[8] -1 3451[8] -1 3450[3] -1 3449[8] -1 3448[5] -1 3438[6] -1 612[9] -1 3495[6] -1 3490[8] -1 3455[8] -1 3496[8] -1 1241[8] -1 3501[5] -1 3600[8] -1 2637[8] -1 4860[8] -1 1102[8] -1 1908[8] -1 3640[8] -1 524[8] -1 4808[5] -1 4807[8] -1 1928[8] -1 2474[7] -1 2473[8] -1 2478[8] -1 2476[8] -1 2475[8] -1 2479[6] -1 1135[9] -1 3524[8] -1 1966[6] -1 1121[7] -1 3281[8] -1 4709[8] -1 4993[8] -1 4524[8] -1 115[8] -1 4523[9] -1 5039[8] -1 4866[8] -1 1570[8] -1 128[8] -1 4364[8] -1 4351[8] -1 3499[8] -1 4567[8] -1 4568[8] -1 4569[8] -1 2785[8] -1 2938[8] -1 4961[8] -1 4308[8] -1 4312[8] -1 4302[8] -1 4343[8] -1 2704[8] -1 80[8] -1 4983[5] -1 4577[8] -1 3771[8] -1 3810[8] -1 3811[9] -1 5022[8] -1 4938[4] -1 4708[6] -1 3769[5] -1 987[4] -1 1857[8] -1 1858[8] -1 2977[9] -1 2976[8] -1 2961[8] -1 4275[8] -1 2731[8] -1 1289[8] -1 5028[8] -1 3417[8] -1 4476[6] -1 3805[8] -1 3840[8] -1 4472[8] -1 4978[8] -1 4328[8] -1 2929[8] -1 3395[8] -1 4336[8] -1 2984[8] -1 2983[8] -1 2982[8] -1 2992[8] -1 2985[8] -1 3830[8] -1 2950[8] -1 2923[8] -1 4872[8] -1 1295[8] -1 3463[8] -1 4040[8] -1 4674[8] -1 4914[8] -1 1954[9] -1 823[8] -1 3383[8] -1 1971[8] -1 821[8] -1 2751[8] -1 4923[8] -1 2517[8] -1 1921[8] -1 3823[8] -1 1049[8] -1 4908[8] -1 4911[8] -1 4576[8] -1 4899[8] -1 3814[4] -1 4575[8] -1 4565[8] -1 2418[8] -1 964[8] -1 962[9] -1 551[9] -1 969[4] -1 4502[8] -1 2952[8] -1 3010[8] -1 3832[8] -1 2987[8] -1 2978[8] -1 1283[8] -1 4467[8] -1 4337[8] -1 3841[8] -1 4195[8] -1 4175[8] -1 3396[8] -1 4303[4] -1 3007[8] -1 3013[8] -1 1828[8] -1 2999[8] -1 2962[8] -1 5042[8] -1 4995[8] -1 3006[8] -1 5067[6] -1 4965[8] -1 2427[8] -1 4276[6] -1 2576[8] -1 3981[8] -1 5071[8] -1 4313[8] -1 2919[8] -1 2510[8] -1 4399[8] -1 2426[8] -1 4591[5] -1 4762[8] -1 4309[8] -1 4426[8] -1 4341[8] -1 5029[8] -1 3820[8] -1 4330[8] -1 4443[8] -1 4074[8] -1 3816[8] -1 4340[8] -1 4416[8] -1 3076[8] -1 3831[8] -1 2518[4] -1 4480[8] -1 4346[8] -1 3819[6] -1 3004[8] -1 2997[8] -1 4763[8] -1 4477[8] -1 4413[8] -1 4125[8] -1 4223[8] -1 4222[9] -1 3011[8] -1 4417[8] -1 -2 SUtility:1605

1277[9] -1 4416[8] -1 4417[8] -1 4418[6] -1 2467[8] -1 4420[5] -1 4421[8] -1 4423[8] -1 4422[9] -1 2518[8] -1 2519[8] -1 2520[9] -1 5776[8] -1 5028[8] -1 5029[8] -1 1851[8] -1 4766[9] -1 5030[8] -1 3812[8] -1 3811[9] -1 3810[8] -1 5051[8] -1 5049[8] -1 5050[8] -1 5052[6] -1 4028[8] -1 4029[8] -1 4027[8] -1 2952[8] -1 2953[8] -1 2955[8] -1 2949[9] -1 2951[8] -1 2950[8] -1 2717[8] -1 2977[9] -1 2976[8] -1 2975[8] -1 5053[8] -1 5054[8] -1 5055[8] -1 2982[8] -1 2739[6] -1 2978[8] -1 2985[8] -1 2986[8] -1 1820[8] -1 4502[8] -1 4503[8] -1 4504[8] -1 3432[8] -1 2961[8] -1 2785[8] -1 2938[8] -1 4961[8] -1 4308[8] -1 4312[8] -1 4567[8] -1 4302[8] -1 4275[8] -1 1289[8] -1 3417[8] -1 4476[8] -1 3805[8] -1 3840[8] -1 4472[8] -1 4978[8] -1 3826[8] -1 4565[8] -1 2418[8] -1 3830[4] -1 4328[8] -1 2929[8] -1 3395[8] -1 4336[8] -1 3010[8] -1 3011[8] -1 2512[8] -1 3014[8] -1 3015[8] -1 4591[6] -1 -2 SUtility:640

4302[8] -1 4303[8] -1 1289[8] -1 4308[8] -1 4309[8] -1 4312[8] -1 1294[8] -1 4565[8] -1 4746[6] -1 4747[8] -1 4314[8] -1 4313[6] -1 4315[8] -1 4550[8] -1 4553[4] -1 4551[9] -1 2704[8] -1 5049[8] -1 5052[8] -1 5050[8] -1 5051[8] -1 4027[8] -1 4028[8] -1 2952[8] -1 2953[6] -1 2955[8] -1 2954[8] -1 284[4] -1 285[8] -1 2950[8] -1 2951[6] -1 2949[9] -1 2717[8] -1 2948[6] -1 2961[8] -1 2960[4] -1 2959[8] -1 1857[8] -1 1858[8] -1 1859[8] -1 1860[4] -1 2962[8] -1 2963[8] -1 2964[8] -1 2724[8] -1 2725[3] -1 2977[9] -1 2976[4] -1 2975[8] -1 5053[8] -1 5054[8] -1 5055[8] -1 5056[8] -1 2731[6] -1 2730[8] -1 2978[8] -1 2980[4] -1 2981[8] -1 2979[6] -1 1820[6] -1 1823[5] -1 4502[8] -1 4503[8] -1 4504[8] -1 3006[8] -1 961[8] -1 3013[6] -1 -2 SUtility:489

3432[8] -1 3434[5] -1 3436[6] -1 4480[6] -1 4482[4] -1 1289[8] -1 4565[8] -1 4597[8] -1 5028[4] -1 3417[8] -1 4476[8] -1 3805[4] -1 4343[8] -1 4688[8] -1 4312[8] -1 4308[8] -1 4275[8] -1 3840[8] -1 4472[5] -1 4978[8] -1 2921[8] -1 324[7] -1 1951[8] -1 1277[9] -1 2785[8] -1 2938[4] -1 4567[6] -1 3826[8] -1 3830[8] -1 2418[8] -1 4336[2] -1 4991[8] -1 80[8] -1 4983[9] -1 4577[6] -1 2474[6] -1 3771[8] -1 5022[8] -1 4575[8] -1 4938[6] -1 4708[8] -1 3769[6] -1 4908[6] -1 987[4] -1 5049[4] -1 5051[4] -1 5052[8] -1 4424[9] -1 4961[8] -1 3395[8] -1 2426[8] -1 4313[8] -1 2510[8] -1 5042[6] -1 4329[8] -1 1380[7] -1 1382[5] -1 4911[8] -1 4576[8] -1 4899[6] -1 3814[8] -1 2952[8] -1 3433[8] -1 4872[8] -1 3463[8] -1 4040[8] -1 4674[8] -1 4914[6] -1 1954[4] -1 823[8] -1 3383[8] -1 1971[8] -1 821[6] -1 2751[6] -1 4923[6] -1 2517[8] -1 1921[6] -1 3823[8] -1 1049[6] -1 1295[8] -1 1857[8] -1 1858[8] -1 1859[8] -1 1860[6] -1 5777[7] -1 3473[8] -1 1895[8] -1 669[9] -1 475[8] -1 3499[8] -1 1418[8] -1 1384[9] -1 1381[9] -1 2961[8] -1 2950[8] -1 4550[8] -1 4762[6] -1 3184[9] -1 4423[6] -1 1718[7] -1 2962[8] -1 2963[8] -1 2964[8] -1 2965[6] -1 2724[8] -1 2725[8] -1 2727[7] -1 5053[6] -1 2730[4] -1 2735[7] -1 2731[2] -1 2732[5] -1 2979[5] -1 2737[5] -1 2739[4] -1 2738[6] -1 2985[8] -1 2986[8] -1 -2 SUtility:831

1277[9] -1 3805[5] -1 2923[4] -1 5028[6] -1 3840[6] -1 4762[4] -1 2785[3] -1 80[8] -1 4983[9] -1 3432[8] -1 5778[8] -1 2938[8] -1 4961[8] -1 4308[8] -1 4312[8] -1 4567[8] -1 4302[8] -1 4275[8] -1 1289[8] -1 4476[8] -1 4472[8] -1 4978[8] -1 3826[8] -1 4565[8] -1 2418[8] -1 3830[8] -1 2950[8] -1 2951[8] -1 2949[9] -1 3810[8] -1 3417[8] -1 4328[8] -1 2929[8] -1 3395[8] -1 4336[8] -1 2952[8] -1 4991[8] -1 3832[8] -1 1283[8] -1 4425[8] -1 3981[8] -1 2426[8] -1 4313[8] -1 4303[8] -1 4550[8] -1 2786[6] -1 2510[8] -1 5042[8] -1 4329[8] -1 2919[8] -1 4480[8] -1 4346[8] -1 5049[8] -1 4568[8] -1 -2 SUtility:413

1277[9] -1 4351[8] -1 4364[8] -1 4366[8] -1 4365[8] -1 4419[8] -1 2467[8] -1 4417[8] -1 4418[8] -1 4420[6] -1 3400[6] -1 4421[8] -1 3399[7] -1 4762[8] -1 1363[9] -1 1362[8] -1 1367[8] -1 4765[5] -1 4763[4] -1 1364[9] -1 5028[8] -1 5029[8] -1 5030[8] -1 1851[8] -1 1853[9] -1 2954[6] -1 2955[8] -1 2952[6] -1 2953[8] -1 284[8] -1 2576[8] -1 2579[8] -1 2577[8] -1 1275[9] -1 1276[9] -1 1835[8] -1 1834[5] -1 5072[8] -1 4689[6] -1 975[8] -1 976[5] -1 977[9] -1 979[7] -1 978[7] -1 4592[6] -1 1637[8] -1 983[9] -1 -2 SUtility:356

4565[8] -1 2496[7] -1 4691[6] -1 4692[8] -1 4693[8] -1 4694[8] -1 4695[6] -1 4696[8] -1 4697[8] -1 4698[5] -1 4699[6] -1 4700[8] -1 4701[8] -1 4702[6] -1 4703[8] -1 4704[8] -1 4705[8] -1 291[9] -1 4364[8] -1 3819[8] -1 3432[8] -1 293[8] -1 3434[8] -1 3436[8] -1 1277[9] -1 3447[9] -1 3443[9] -1 3435[9] -1 3433[8] -1 3454[9] -1 3448[8] -1 2785[8] -1 2938[8] -1 4961[8] -1 4308[8] -1 4312[8] -1 4302[8] -1 4275[8] -1 1289[8] -1 5028[8] -1 3417[4] -1 1215[8] -1 4343[8] -1 4074[8] -1 4125[8] -1 4413[8] -1 4400[8] -1 4440[8] -1 4045[8] -1 2511[4] -1 4476[8] -1 3805[8] -1 3840[8] -1 4472[8] -1 4978[8] -1 3826[8] -1 2418[8] -1 3830[8] -1 4328[8] -1 3396[8] -1 4072[8] -1 4351[8] -1 4063[8] -1 898[8] -1 4444[8] -1 2419[8] -1 2939[6] -1 3981[8] -1 2426[8] -1 3076[6] -1 4336[8] -1 4991[8] -1 3832[8] -1 1283[8] -1 4425[8] -1 4313[8] -1 4303[4] -1 2929[8] -1 3395[8] -1 2923[8] -1 4762[8] -1 2510[8] -1 4329[8] -1 4480[8] -1 4346[8] -1 4439[8] -1 4575[5] -1 2786[8] -1 2919[8] -1 4467[8] -1 4337[8] -1 3841[4] -1 4195[8] -1 4175[8] -1 4276[4] -1 3715[6] -1 4995[8] -1 4399[6] -1 2518[8] -1 2427[6] -1 4965[8] -1 4309[8] -1 4340[6] -1 4426[8] -1 4421[8] -1 3816[8] -1 5029[8] -1 4443[8] -1 4330[8] -1 4341[8] -1 4567[8] -1 4568[8] -1 4395[8] -1 3831[8] -1 4416[8] -1 4569[8] -1 5042[8] -1 5043[6] -1 80[8] -1 4983[7] -1 4577[6] -1 2474[9] -1 3771[8] -1 5022[8] -1 4938[8] -1 4708[8] -1 3769[7] -1 4908[8] -1 987[8] -1 4029[8] -1 5779[7] -1 4911[6] -1 3810[8] -1 2952[8] -1 2950[8] -1 4550[6] -1 2784[8] -1 4071[8] -1 2953[8] -1 2961[8] -1 2960[8] -1 2959[8] -1 2985[8] -1 2986[8] -1 1820[6] -1 1821[8] -1 1825[8] -1 4576[8] -1 4899[8] -1 3814[8] -1 2997[8] -1 2995[8] -1 2998[8] -1 2999[8] -1 3001[8] -1 970[9] -1 5070[5] -1 973[6] -1 5071[8] -1 975[6] -1 4689[8] -1 5072[6] -1 976[9] -1 980[8] -1 -2 SUtility:1252

1277[9] -1 291[9] -1 3432[5] -1 293[8] -1 3434[8] -1 3436[8] -1 3447[9] -1 3443[5] -1 3435[9] -1 3433[8] -1 3454[9] -1 3448[5] -1 2496[9] -1 4395[8] -1 503[8] -1 3076[8] -1 3077[8] -1 4983[9] -1 80[8] -1 2474[9] -1 4577[8] -1 3771[8] -1 4691[8] -1 4692[8] -1 4693[8] -1 4694[6] -1 4695[8] -1 4696[8] -1 4697[8] -1 4698[7] -1 4699[8] -1 4700[8] -1 4701[8] -1 4702[6] -1 4703[8] -1 4704[8] -1 4705[8] -1 4706[8] -1 3981[8] -1 5188[8] -1 5189[7] -1 5763[8] -1 5764[8] -1 5765[8] -1 5766[8] -1 5767[8] -1 5768[8] -1 5769[8] -1 5770[8] -1 5771[8] -1 5772[8] -1 5780[8] -1 5781[8] -1 4567[8] -1 4568[8] -1 4569[8] -1 5042[8] -1 5043[8] -1 4553[8] -1 2961[6] -1 2992[8] -1 -2 SUtility:479

1277[9] -1 4417[8] -1 4416[8] -1 271[9] -1 4420[6] -1 4419[8] -1 270[9] -1 2496[9] -1 4762[8] -1 2961[8] -1 2960[8] -1 2959[8] -1 1857[8] -1 1858[8] -1 2962[8] -1 2963[6] -1 2965[8] -1 2952[8] -1 2977[9] -1 2975[8] -1 2976[8] -1 5055[8] -1 5054[8] -1 2984[8] -1 3432[8] -1 2785[8] -1 2938[8] -1 3810[8] -1 4961[8] -1 2992[8] -1 4308[8] -1 4312[8] -1 4567[8] -1 4302[8] -1 4275[8] -1 1289[8] -1 2985[8] -1 3417[8] -1 4476[8] -1 3805[6] -1 3840[8] -1 4472[8] -1 4978[8] -1 3826[8] -1 4565[8] -1 2418[8] -1 4502[8] -1 3830[8] -1 5028[8] -1 5053[8] -1 4328[8] -1 2929[8] -1 2999[8] -1 3001[8] -1 3395[8] -1 4336[8] -1 2950[8] -1 4991[8] -1 3832[8] -1 2987[8] -1 3004[8] -1 3003[6] -1 1206[7] -1 1208[9] -1 3006[8] -1 959[8] -1 1269[8] -1 3005[8] -1 1093[8] -1 3010[8] -1 883[8] -1 3011[8] -1 3012[8] -1 3013[8] -1 5067[8] -1 5068[8] -1 2576[5] -1 5071[6] -1 -2 SUtility:616

4565[8] -1 3432[8] -1 293[8] -1 4275[8] -1 4472[8] -1 2929[8] -1 3395[8] -1 4336[8] -1 4991[8] -1 1283[8] -1 4312[8] -1 4302[8] -1 4308[8] -1 2938[8] -1 1277[9] -1 2939[8] -1 3840[8] -1 4961[8] -1 1289[8] -1 3826[8] -1 2418[8] -1 3830[8] -1 4328[8] -1 4425[8] -1 2426[8] -1 4313[6] -1 4303[8] -1 2785[8] -1 3417[8] -1 4476[8] -1 3805[8] -1 4045[8] -1 3434[8] -1 2511[8] -1 4096[8] -1 4223[8] -1 4477[8] -1 4965[8] -1 4421[8] -1 4074[8] -1 3816[8] -1 291[9] -1 4364[6] -1 3819[8] -1 4467[8] -1 4337[8] -1 4195[8] -1 4175[8] -1 4399[8] -1 4341[8] -1 4329[8] -1 2919[8] -1 4480[8] -1 4439[8] -1 3841[8] -1 4402[8] -1 4413[8] -1 4440[8] -1 4978[8] -1 4977[8] -1 2786[8] -1 2510[6] -1 2923[8] -1 4346[8] -1 4276[8] -1 2518[6] -1 2427[8] -1 4309[8] -1 4426[8] -1 4340[8] -1 4443[8] -1 2496[9] -1 1081[8] -1 4762[8] -1 -2 SUtility:587

1277[9] -1 3396[6] -1 4072[8] -1 4351[8] -1 4063[8] -1 898[6] -1 4403[8] -1 4404[4] -1 4402[8] -1 4050[7] -1 3451[8] -1 1408[8] -1 4399[8] -1 4330[8] -1 4125[8] -1 4938[8] -1 80[8] -1 4577[8] -1 4983[5] -1 4708[8] -1 4908[8] -1 987[8] -1 4413[8] -1 3432[8] -1 3454[5] -1 4904[8] -1 1669[8] -1 4416[8] -1 4418[6] -1 2467[6] -1 4421[8] -1 4422[7] -1 4277[8] -1 3828[8] -1 3613[8] -1 4944[8] -1 4872[8] -1 294[9] -1 4425[8] -1 4426[8] -1 3577[9] -1 4439[8] -1 4440[8] -1 2469[5] -1 4443[8] -1 4444[8] -1 4445[3] -1 3463[8] -1 1582[8] -1 1496[8] -1 4453[8] -1 4452[8] -1 4909[8] -1 2518[5] -1 2519[8] -1 2520[3] -1 4467[8] -1 4468[5] -1 4469[5] -1 4053[8] -1 4472[8] -1 4473[5] -1 3405[8] -1 4476[8] -1 4477[8] -1 4478[8] -1 4480[8] -1 3805[8] -1 3806[8] -1 4033[8] -1 2921[8] -1 2919[8] -1 4064[8] -1 4048[5] -1 2923[8] -1 2924[4] -1 4961[8] -1 4965[8] -1 3495[8] -1 4057[6] -1 904[8] -1 899[8] -1 4075[7] -1 4830[8] -1 3076[8] -1 3328[8] -1 4065[8] -1 3437[6] -1 4058[8] -1 3317[8] -1 4921[8] -1 4037[8] -1 5028[8] -1 804[8] -1 4992[8] -1 3455[8] -1 3981[8] -1 4097[8] -1 4414[8] -1 3818[8] -1 293[8] -1 3434[8] -1 3436[8] -1 3447[9] -1 3443[9] -1 291[9] -1 3435[9] -1 3433[8] -1 3448[8] -1 4567[8] -1 4568[8] -1 4569[8] -1 5042[8] -1 5043[8] -1 5044[6] -1 4550[8] -1 4551[3] -1 3810[8] -1 3811[9] -1 2961[6] -1 2960[8] -1 2959[6] -1 2962[8] -1 2963[8] -1 1858[8] -1 2977[9] -1 2976[8] -1 2769[9] -1 1295[6] -1 2978[8] -1 2979[8] -1 3001[8] -1 3006[8] -1 3005[8] -1 5067[8] -1 2576[8] -1 980[4] -1 1637[8] -1 981[5] -1 3438[5] -1 2785[6] -1 -2 SUtility:1056

291[3] -1 1277[9] -1 293[8] -1 3436[6] -1 3434[5] -1 4683[8] -1 4684[8] -1 5782[8] -1 5783[8] -1 3435[7] -1 3447[7] -1 1408[8] -1 3433[8] -1 294[6] -1 3442[8] -1 3445[5] -1 3446[7] -1 2418[8] -1 3819[8] -1 4762[8] -1 4763[6] -1 1857[6] -1 1858[8] -1 1860[8] -1 2961[8] -1 2785[8] -1 2938[8] -1 5053[6] -1 2952[8] -1 2950[8] -1 2962[6] -1 5054[8] -1 3473[8] -1 4126[8] -1 4064[6] -1 2979[8] -1 2498[8] -1 4048[6] -1 4342[6] -1 3803[8] -1 3381[8] -1 2921[6] -1 899[8] -1 4057[6] -1 904[8] -1 4075[5] -1 4830[8] -1 3328[8] -1 4805[6] -1 4065[6] -1 4044[8] -1 3437[6] -1 4058[6] -1 3317[8] -1 804[6] -1 4921[8] -1 4037[8] -1 3495[8] -1 4992[8] -1 3396[6] -1 4277[8] -1 4315[8] -1 3440[7] -1 3613[8] -1 3828[8] -1 1295[6] -1 4944[8] -1 4872[8] -1 3577[6] -1 3463[6] -1 1582[6] -1 5017[8] -1 1496[8] -1 3007[8] -1 960[6] -1 964[6] -1 970[7] -1 5068[6] -1 5069[5] -1 973[4] -1 5070[3] -1 -2 SUtility:570

1277[9] -1 4480[8] -1 4482[8] -1 5773[9] -1 5784[8] -1 5785[8] -1 2956[9] -1 285[8] -1 284[8] -1 2955[8] -1 2954[8] -1 2952[8] -1 2953[8] -1 5786[8] -1 3396[8] -1 2976[8] -1 2977[9] -1 2975[8] -1 2768[9] -1 2769[9] -1 4344[8] -1 2879[9] -1 618[6] -1 619[8] -1 623[6] -1 2737[4] -1 2739[6] -1 -2 SUtility:213

4565[8] -1 1277[9] -1 4480[8] -1 5248[5] -1 5049[8] -1 4439[8] -1 4467[8] -1 4337[8] -1 3841[8] -1 4195[8] -1 5787[8] -1 1859[8] -1 3432[6] -1 2961[8] -1 3499[8] -1 1418[8] -1 2938[8] -1 3810[8] -1 4961[8] -1 4308[8] -1 4312[8] -1 4567[8] -1 4302[8] -1 5028[8] -1 3417[8] -1 -2 SUtility:196

2953[6] -1 4072[8] -1 3381[8] -1 4673[8] -1 5056[8] -1 2731[8] -1 2730[8] -1 623[5] -1 1825[8] -1 772[8] -1 -2 SUtility:75

4673[6] -1 3328[6] -1 5788[6] -1 4439[8] -1 3432[8] -1 293[8] -1 3434[8] -1 3436[8] -1 3447[9] -1 1277[9] -1 3443[9] -1 291[9] -1 3435[9] -1 3433[8] -1 3454[9] -1 3448[8] -1 898[8] -1 3820[8] -1 4126[8] -1 1068[6] -1 1069[5] -1 1070[7] -1 2496[9] -1 4021[8] -1 4455[7] -1 -2 SUtility:194

3436[5] -1 4805[6] -1 3454[2] -1 3245[5] -1 4421[8] -1 4422[9] -1 4423[8] -1 4424[7] -1 4445[7] -1 4443[8] -1 4444[8] -1 911[8] -1 2497[8] -1 4052[6] -1 3435[9] -1 2995[8] -1 3009[9] -1 3007[8] -1 3008[8] -1 962[9] -1 961[8] -1 1275[6] -1 -2 SUtility:160

3373[8] -1 1288[8] -1 4423[6] -1 4746[8] -1 4054[8] -1 4057[8] -1 4439[8] -1 5789[8] -1 2496[9] -1 2784[8] -1 4071[8] -1 291[9] -1 4478[8] -1 3416[9] -1 3806[8] -1 3807[4] -1 3808[8] -1 4480[8] -1 4354[9] -1 4355[8] -1 4356[7] -1 4357[8] -1 4358[8] -1 4359[6] -1 4377[8] -1 5253[8] -1 4362[8] -1 4368[7] -1 4369[8] -1 2919[8] -1 2920[8] -1 2921[8] -1 2922[8] -1 1743[8] -1 1744[8] -1 1747[9] -1 1745[8] -1 1746[7] -1 2923[8] -1 2924[6] -1 2925[8] -1 1848[8] -1 2712[4] -1 284[8] -1 2956[3] -1 285[4] -1 2957[5] -1 -2 SUtility:352

1289[8] -1 5028[5] -1 4027[6] -1 823[8] -1 3417[8] -1 4476[8] -1 4042[8] -1 2921[8] -1 2919[8] -1 324[5] -1 1951[8] -1 4052[8] -1 3435[9] -1 3554[5] -1 4071[8] -1 4072[8] -1 2952[4] -1 2954[8] -1 3299[8] -1 1248[8] -1 3803[8] -1 898[8] -1 1286[8] -1 5787[8] -1 1895[8] -1 5790[8] -1 2950[8] -1 475[8] -1 3499[8] -1 1418[8] -1 4472[8] -1 4978[8] -1 1857[8] -1 1860[6] -1 5791[7] -1 2497[8] -1 4440[8] -1 3184[7] -1 4423[8] -1 3486[9] -1 1954[9] -1 3481[8] -1 1408[8] -1 1599[9] -1 3777[8] -1 354[8] -1 4343[8] -1 1496[8] -1 4076[8] -1 3466[8] -1 3463[8] -1 4674[8] -1 2987[8] -1 2988[8] -1 2989[8] -1 2961[8] -1 -2 SUtility:433

1277[9] -1 3826[8] -1 3395[6] -1 3434[6] -1 4275[6] -1 291[9] -1 2496[3] -1 2786[5] -1 2783[6] -1 4308[8] -1 1289[4] -1 4309[4] -1 4336[8] -1 4313[4] -1 4364[4] -1 4351[8] -1 4352[8] -1 4071[6] -1 4096[8] -1 4052[5] -1 4072[4] -1 4063[5] -1 898[6] -1 3473[8] -1 3396[4] -1 4044[6] -1 4395[8] -1 4399[8] -1 4400[5] -1 4396[4] -1 4403[6] -1 4404[7] -1 1062[8] -1 4402[8] -1 4425[8] -1 4426[8] -1 4421[8] -1 4422[4] -1 4439[8] -1 4440[5] -1 4443[6] -1 4444[8] -1 4445[5] -1 4467[4] -1 2518[6] -1 4472[8] -1 4565[8] -1 2418[5] -1 3830[8] -1 4328[6] -1 4991[8] -1 1283[4] -1 2426[8] -1 4303[8] -1 2510[8] -1 4473[6] -1 4474[8] -1 4312[8] -1 2785[8] -1 3840[8] -1 4346[6] -1 3831[8] -1 4476[8] -1 4477[8] -1 4478[8] -1 4475[9] -1 4343[6] -1 4482[4] -1 4481[8] -1 4484[6] -1 4302[6] -1 4329[6] -1 4337[6] -1 3417[5] -1 5792[8] -1 5793[6] -1 5794[7] -1 3841[8] -1 4195[8] -1 80[8] -1 4983[5] -1 5795[8] -1 5796[7] -1 2474[7] -1 4577[6] -1 5022[8] -1 4575[6] -1 4938[6] -1 3769[7] -1 4908[8] -1 2923[8] -1 4911[8] -1 3771[8] -1 987[8] -1 3814[8] -1 4899[8] -1 4576[8] -1 4708[8] -1 5797[8] -1 5798[8] -1 5799[7] -1 3433[8] -1 4872[5] -1 2925[8] -1 3449[4] -1 4965[8] -1 4277[3] -1 294[9] -1 2930[8] -1 2938[8] -1 2939[8] -1 3810[4] -1 3432[6] -1 4961[6] -1 4567[6] -1 5028[6] -1 3805[8] -1 4978[8] -1 2929[8] -1 2950[8] -1 2951[6] -1 2949[3] -1 2952[6] -1 2953[8] -1 2954[8] -1 5049[6] -1 5050[5] -1 5051[8] -1 3811[6] -1 3812[8] -1 4550[6] -1 4551[9] -1 4553[6] -1 4568[6] -1 4569[6] -1 3981[8] -1 3982[8] -1 3983[8] -1 3076[6] -1 3077[8] -1 5029[8] -1 4762[6] -1 4763[6] -1 3832[8] -1 3833[8] -1 3834[8] -1 4995[8] -1 4996[8] -1 4977[8] -1 2963[8] -1 2962[6] -1 1295[8] -1 3416[3] -1 3414[8] -1 2977[9] -1 2976[8] -1 2975[8] -1 2519[8] -1 2520[4] -1 5053[8] -1 5054[8] -1 2961[8] -1 2960[8] -1 2959[8] -1 5055[8] -1 4413[8] -1 4414[6] -1 2984[8] -1 2983[8] -1 2982[8] -1 4347[8] -1 4747[8] -1 4746[8] -1 3463[6] -1 2427[8] -1 2428[8] -1 2429[8] -1 4045[8] -1 4046[8] -1 4047[6] -1 3436[8] -1 911[8] -1 912[8] -1 904[8] -1 905[8] -1 906[8] -1 2978[8] -1 2979[8] -1 2981[8] -1 2739[8] -1 2737[8] -1 3360[8] -1 890[8] -1 892[6] -1 893[8] -1 891[6] -1 894[8] -1 3372[8] -1 3374[8] -1 3373[8] -1 2491[8] -1 3376[8] -1 2492[9] -1 5800[8] -1 5801[8] -1 5802[8] -1 5803[8] -1 2753[8] -1 2752[6] -1 3381[8] -1 4057[8] -1 1601[8] -1 2985[8] -1 2986[6] -1 1820[8] -1 3369[8] -1 3367[8] -1 5804[8] -1 2987[8] -1 2989[8] -1 2992[8] -1 2993[6] -1 2994[8] -1 2997[8] -1 2995[8] -1 5805[8] -1 5806[8] -1 2999[8] -1 3001[8] -1 3000[8] -1 3006[8] -1 3005[8] -1 1269[8] -1 3010[8] -1 3011[8] -1 884[9] -1 3012[8] -1 3007[6] -1 3008[8] -1 960[8] -1 3015[6] -1 4688[8] -1 1815[8] -1 4502[8] -1 1857[6] -1 5042[8] -1 2919[6] -1 4175[8] -1 4276[8] -1 4340[8] -1 4074[8] -1 3816[8] -1 4330[8] -1 4341[8] -1 2784[6] -1 4416[8] -1 3819[8] -1 3004[8] -1 3328[8] -1 3329[8] -1 4591[8] -1 4592[8] -1 1637[6] -1 980[6] -1 -2 SUtility:1899

1277[7] -1 4308[8] -1 4934[7] -1 4482[8] -1 4483[4] -1 4480[6] -1 4481[5] -1 4484[6] -1 4965[8] -1 4966[8] -1 4029[8] -1 284[5] -1 2956[7] -1 5807[8] -1 3014[8] -1 3015[8] -1 3013[8] -1 3432[8] -1 2961[8] -1 5808[8] -1 4906[8] -1 5070[9] -1 973[5] -1 974[8] -1 2577[6] -1 1275[5] -1 -2 SUtility:184

4934[5] -1 4518[6] -1 1259[8] -1 4031[8] -1 3370[8] -1 3371[8] -1 1013[8] -1 2851[6] -1 3816[8] -1 3818[8] -1 902[8] -1 5811[8] -1 3432[8] -1 2961[8] -1 1277[9] -1 2938[8] -1 4961[8] -1 4308[8] -1 4312[8] -1 4567[8] -1 4302[8] -1 4275[8] -1 1289[8] -1 5028[8] -1 3417[8] -1 4476[8] -1 3805[8] -1 3840[8] -1 4472[8] -1 4978[8] -1 3826[8] -1 4565[8] -1 2418[8] -1 3830[8] -1 4328[8] -1 2929[6] -1 3395[8] -1 4336[8] -1 2952[6] -1 1857[8] -1 4991[8] -1 1283[8] -1 4425[8] -1 3981[8] -1 2426[6] -1 4313[8] -1 4303[8] -1 2923[8] -1 4550[8] -1 4762[6] -1 2786[8] -1 5042[8] -1 4329[8] -1 4480[8] -1 4346[8] -1 5049[8] -1 4439[8] -1 4467[8] -1 4426[8] -1 4421[8] -1 1380[9] -1 1559[8] -1 1560[8] -1 80[8] -1 4983[9] -1 4577[8] -1 4575[8] -1 4938[8] -1 4708[8] -1 3769[9] -1 4908[8] -1 987[8] -1 4576[8] -1 2768[9] -1 2769[9] -1 2474[9] -1 2984[8] -1 2983[8] -1 2982[8] -1 3009[7] -1 883[3] -1 3012[8] -1 3010[8] -1 884[9] -1 3011[8] -1 961[6] -1 960[6] -1 962[9] -1 963[8] -1 964[6] -1 968[8] -1 3015[6] -1 3013[6] -1 1828[8] -1 969[6] -1 970[7] -1 5067[8] -1 5068[8] -1 2577[5] -1 5071[4] -1 975[8] -1 5072[8] -1 4689[8] -1 2785[8] -1 3810[6] -1 2992[8] -1 4343[8] -1 2576[8] -1 4502[8] -1 5053[8] -1 2950[8] -1 3832[8] -1 2987[8] -1 2978[6] -1 2962[8] -1 4899[8] -1 3771[8] -1 5022[8] -1 4911[8] -1 3814[8] -1 3433[8] -1 4872[8] -1 1049[8] -1 3823[8] -1 1921[8] -1 1295[8] -1 3463[8] -1 4040[8] -1 4674[8] -1 4914[8] -1 1954[9] -1 823[8] -1 1971[8] -1 3383[8] -1 821[8] -1 2751[8] -1 4923[8] -1 2517[8] -1 4074[8] -1 3006[8] -1 4568[8] -1 4443[8] -1 4330[8] -1 5029[8] -1 3007[8] -1 5054[8] -1 4341[8] -1 2496[9] -1 2784[8] -1 4395[8] -1 3831[8] -1 4416[8] -1 3076[8] -1 4071[8] -1 291[9] -1 4364[8] -1 3819[8] -1 3811[9] -1 3004[8] -1 4045[8] -1 2997[8] -1 3434[8] -1 2511[8] -1 4096[8] -1 2960[8] -1 4591[8] -1 1637[8] -1 980[6] -1 981[3] -1 4688[4] -1 898[8] -1 4063[8] -1 2986[8] -1 -2 SUtility:1341

3826[8] -1 3981[6] -1 4313[8] -1 3828[8] -1 4277[8] -1 2510[8] -1 4329[8] -1 4565[8] -1 4328[8] -1 931[8] -1 2694[8] -1 2938[8] -1 2418[8] -1 3830[8] -1 3395[8] -1 4567[8] -1 4568[8] -1 4569[6] -1 2701[9] -1 4991[8] -1 2786[8] -1 4303[8] -1 2923[8] -1 4425[8] -1 2426[8] -1 523[8] -1 4762[8] -1 4467[8] -1 3440[9] -1 2919[8] -1 4480[8] -1 5042[8] -1 5043[8] -1 4439[8] -1 4962[8] -1 4337[8] -1 3841[8] -1 1283[8] -1 2518[8] -1 2427[6] -1 4346[8] -1 4175[8] -1 4399[8] -1 4472[8] -1 5812[8] -1 4309[8] -1 4340[8] -1 4195[8] -1 4426[8] -1 4330[8] -1 3810[8] -1 3811[9] -1 3812[6] -1 4995[8] -1 4421[8] -1 2961[8] -1 2999[8] -1 1867[2] -1 1870[6] -1 1869[4] -1 3004[8] -1 3003[8] -1 3002[8] -1 1205[8] -1 1206[9] -1 1208[9] -1 3005[8] -1 3006[8] -1 1269[8] -1 969[8] -1 5067[8] -1 5070[9] -1 973[5] -1 1830[7] -1 2576[8] -1 2579[6] -1 5071[4] -1 5072[8] -1 4689[8] -1 976[9] -1 975[6] -1 977[9] -1 -2 SUtility:632

1277[9] -1 2496[6] -1 4978[4] -1 294[5] -1 3451[6] -1 4396[8] -1 1714[8] -1 3311[8] -1 4979[6] -1 4688[6] -1 4575[6] -1 1242[7] -1 524[6] -1 4763[8] -1 3432[8] -1 293[8] -1 3983[8] -1 931[8] -1 4343[6] -1 -2 SUtility:131

3432[5] -1 293[9] -1 3434[9] -1 3436[7] -1 3447[10] -1 1277[10] -1 3443[7] -1 291[10] -1 3435[10] -1 3433[9] -1 3454[7] -1 3448[9] -1 2785[3] -1 3077[9] -1 911[9] -1 4312[9] -1 2977[8] -1 2976[9] -1 2975[9] -1 2768[6] -1 2769[10] -1 2770[9] -1 2983[9] -1 2982[5] -1 623[10] -1 2992[9] -1 4308[9] -1 2577[5] -1 2576[5] -1 1275[3] -1 1276[7] -1 4689[6] -1 975[5] -1 1637[6] -1 4591[3] -1 980[3] -1 981[3] -1 -2 SUtility:271

4934[5] -1 1277[9] -1 4944[8] -1 2670[8] -1 4454[6] -1 1280[8] -1 4965[6] -1 5773[4] -1 5784[8] -1 1248[8] -1 4663[8] -1 1677[9] -1 3803[8] -1 898[8] -1 1286[8] -1 2879[9] -1 5819[8] -1 2962[6] -1 4992[8] -1 5248[9] -1 2963[8] -1 2964[6] -1 2965[8] -1 2724[8] -1 3473[8] -1 1895[8] -1 669[9] -1 475[8] -1 3499[8] -1 1418[6] -1 4472[8] -1 4978[8] -1 2497[8] -1 4052[8] -1 2977[3] -1 2976[4] -1 2975[8] -1 3324[8] -1 3396[8] -1 2732[9] -1 4423[8] -1 1718[9] -1 5820[8] -1 5821[8] -1 3999[8] -1 -2 SUtility:341

1366[5] -1 1362[4] -1 1245[8] -1 5028[8] -1 5029[6] -1 1851[8] -1 5030[8] -1 2952[8] -1 2953[8] -1 2954[4] -1 2955[5] -1 2950[8] -1 2951[4] -1 1858[8] -1 1857[8] -1 2724[8] -1 2725[8] -1 2965[8] -1 2964[8] -1 2963[8] -1 2962[8] -1 2726[8] -1 2975[8] -1 2976[8] -1 5053[8] -1 5054[8] -1 5055[8] -1 2985[8] -1 1820[6] -1 1825[6] -1 1822[9] -1 2990[6] -1 5067[8] -1 1275[5] -1 2578[8] -1 5071[8] -1 5072[5] -1 980[8] -1 -2 SUtility:273

3317[8] -1 3432[8] -1 2961[6] -1 2785[8] -1 2938[8] -1 3810[8] -1 4961[8] -1 4308[8] -1 4312[8] -1 4567[8] -1 4302[8] -1 3127[9] -1 129[6] -1 3465[8] -1 3434[8] -1 2511[8] -1 4096[8] -1 2960[4] -1 4275[8] -1 1289[8] -1 5028[8] -1 3417[8] -1 1277[9] -1 4903[8] -1 3832[8] -1 4303[8] -1 2962[6] -1 3805[8] -1 3840[8] -1 4472[8] -1 4978[8] -1 3826[6] -1 4476[8] -1 4565[8] -1 2418[8] -1 3830[8] -1 4328[8] -1 2929[8] -1 3395[8] -1 4336[8] -1 3445[8] -1 3328[8] -1 3396[8] -1 294[9] -1 4176[8] -1 1408[8] -1 3442[8] -1 3436[8] -1 3077[8] -1 911[8] -1 2497[8] -1 4052[8] -1 3435[9] -1 293[8] -1 4351[8] -1 5053[8] -1 2952[8] -1 2950[8] -1 1857[8] -1 4991[8] -1 2987[8] -1 2989[8] -1 2990[8] -1 2988[8] -1 2523[8] -1 2999[8] -1 3001[8] -1 3000[8] -1 1868[8] -1 959[8] -1 3010[8] -1 3011[8] -1 960[6] -1 2576[8] -1 2579[8] -1 2577[6] -1 5072[8] -1 975[5] -1 980[8] -1 -2 SUtility:617

1277[9] -1 2496[9] -1 4425[8] -1 4439[8] -1 4426[8] -1 2469[8] -1 4364[8] -1 4440[8] -1 3821[8] -1 4314[3] -1 4277[5] -1 4443[8] -1 4444[8] -1 4445[9] -1 3432[8] -1 293[8] -1 3434[8] -1 4476[6] -1 4477[8] -1 2785[8] -1 2938[8] -1 3810[8] -1 4961[8] -1 4308[8] -1 4312[8] -1 4567[8] -1 4302[8] -1 4275[8] -1 1289[8] -1 5028[8] -1 3417[8] -1 3805[8] -1 3840[8] -1 4472[8] -1 4978[8] -1 3826[8] -1 4565[8] -1 2418[8] -1 3830[8] -1 4328[8] -1 2929[8] -1 3395[8] -1 4336[8] -1 2952[8] -1 2950[8] -1 1857[8] -1 4991[8] -1 3832[8] -1 1283[8] -1 3981[8] -1 2426[8] -1 4313[8] -1 4303[8] -1 291[9] -1 2961[8] -1 3445[8] -1 3328[8] -1 1213[8] -1 290[8] -1 5053[8] -1 2962[8] -1 2923[8] -1 4502[8] -1 2987[8] -1 2989[8] -1 2990[4] -1 4989[8] -1 1215[8] -1 2985[8] -1 2978[8] -1 4550[8] -1 4762[8] -1 2999[8] -1 3001[8] -1 3000[8] -1 4688[8] -1 3447[9] -1 3442[8] -1 294[9] -1 3433[8] -1 3435[9] -1 1408[8] -1 3436[8] -1 3010[8] -1 3011[8] -1 3012[6] -1 883[8] -1 3014[8] -1 3015[8] -1 3013[6] -1 968[8] -1 5067[8] -1 5068[8] -1 5069[9] -1 2992[8] -1 2786[8] -1 2510[8] -1 1637[8] -1 4691[8] -1 4692[8] -1 4693[8] -1 -2 SUtility:798

