890[9] -1 891[9] -1 892[9] -1 893[9] -1 894[9] -1 895[9] -1 896[10] -1 897[9] -1 898[9] -1 899[9] -1 900[9] -1 901[9] -1 902[9] -1 903[9] -1 204[10] -1 200[9] -1 202[8] -1 904[9] -1 905[9] -1 906[9] -1 907[9] -1 908[4] -1 909[10] -1 910[7] -1 911[9] -1 912[9] -1 913[7] -1 914[7] -1 915[9] -1 916[7] -1 917[9] -1 918[6] -1 919[5] -1 920[9] -1 921[5] -1 922[7] -1 227[4] -1 228[6] -1 229[4] -1 923[9] -1 924[6] -1 925[5] -1 926[9] -1 927[8] -1 928[4] -1 929[10] -1 930[10] -1 931[7] -1 284[9] -1 932[10] -1 933[4] -1 934[5] -1 935[10] -1 936[9] -1 937[2] -1 -2 SUtility:431

1173[9] -1 1174[8] -1 1175[9] -1 1176[9] -1 1177[9] -1 1178[8] -1 1179[8] -1 1180[9] -1 1181[8] -1 1182[9] -1 1183[9] -1 1184[7] -1 1185[9] -1 1186[10] -1 38[3] -1 36[4] -1 39[3] -1 43[7] -1 1187[9] -1 1188[9] -1 1189[9] -1 1190[8] -1 1191[10] -1 1192[9] -1 940[9] -1 1193[9] -1 1194[6] -1 944[10] -1 941[10] -1 946[5] -1 942[9] -1 943[7] -1 945[5] -1 1195[9] -1 1196[6] -1 1197[9] -1 1198[7] -1 1199[5] -1 128[9] -1 129[9] -1 130[9] -1 131[9] -1 133[9] -1 134[9] -1 135[9] -1 136[5] -1 137[6] -1 629[10] -1 630[10] -1 139[7] -1 140[10] -1 142[9] -1 144[5] -1 1200[9] -1 1201[9] -1 1202[7] -1 1203[9] -1 1204[9] -1 270[10] -1 273[10] -1 271[7] -1 272[10] -1 275[8] -1 274[5] -1 276[9] -1 280[9] -1 277[3] -1 278[7] -1 279[5] -1 281[4] -1 1205[9] -1 1206[10] -1 1207[9] -1 1208[10] -1 1209[10] -1 1210[8] -1 1211[10] -1 961[9] -1 962[10] -1 963[9] -1 964[9] -1 965[9] -1 966[10] -1 980[9] -1 981[10] -1 982[5] -1 983[7] -1 985[6] -1 -2 SUtility:712

804[8] -1 808[8] -1 805[8] -1 806[8] -1 807[6] -1 809[7] -1 1272[8] -1 1273[6] -1 1274[8] -1 207[6] -1 208[7] -1 209[9] -1 211[3] -1 921[8] -1 922[6] -1 227[3] -1 228[6] -1 229[9] -1 232[8] -1 233[8] -1 618[8] -1 619[8] -1 623[7] -1 620[7] -1 622[8] -1 621[9] -1 1275[6] -1 1276[9] -1 -2 SUtility:202

1277[9] -1 246[7] -1 1278[4] -1 1279[5] -1 1044[8] -1 1046[8] -1 1047[8] -1 1280[8] -1 1281[6] -1 1282[8] -1 1283[8] -1 1045[7] -1 1043[8] -1 1284[9] -1 251[9] -1 254[8] -1 1285[7] -1 1286[6] -1 1287[8] -1 1288[8] -1 1289[8] -1 1290[9] -1 1291[6] -1 1292[6] -1 1293[8] -1 1294[8] -1 1295[8] -1 1049[8] -1 1296[8] -1 1048[7] -1 1050[5] -1 1051[9] -1 1297[8] -1 1298[9] -1 1299[9] -1 1300[8] -1 1301[8] -1 259[8] -1 260[6] -1 261[8] -1 262[8] -1 1057[9] -1 1056[9] -1 1302[7] -1 1303[6] -1 1304[6] -1 1305[9] -1 1306[5] -1 1307[6] -1 1308[6] -1 1309[8] -1 1310[6] -1 1311[8] -1 1312[6] -1 1313[9] -1 1314[8] -1 1315[8] -1 1316[5] -1 1317[3] -1 1318[9] -1 1319[6] -1 1320[5] -1 -2 SUtility:455

290[6] -1 1321[7] -1 1322[6] -1 1323[8] -1 1324[8] -1 1325[7] -1 1326[9] -1 1327[7] -1 1328[7] -1 1329[8] -1 1330[6] -1 1331[9] -1 1332[5] -1 1333[9] -1 1334[9] -1 1335[8] -1 1336[9] -1 517[9] -1 524[6] -1 523[6] -1 522[8] -1 521[8] -1 554[9] -1 553[8] -1 551[7] -1 552[8] -1 1337[8] -1 1338[6] -1 1339[8] -1 1340[8] -1 1341[8] -1 580[8] -1 579[8] -1 581[7] -1 582[7] -1 583[6] -1 594[8] -1 593[8] -1 592[8] -1 1342[8] -1 1343[7] -1 1344[8] -1 1345[8] -1 1346[7] -1 1347[8] -1 1348[8] -1 1349[8] -1 1350[8] -1 1351[8] -1 1352[7] -1 1353[8] -1 128[8] -1 133[8] -1 134[8] -1 135[8] -1 136[8] -1 137[9] -1 144[8] -1 146[8] -1 147[9] -1 148[8] -1 149[9] -1 145[9] -1 156[8] -1 158[9] -1 157[8] -1 159[9] -1 1354[6] -1 273[7] -1 270[9] -1 271[7] -1 274[7] -1 -2 SUtility:558

1355[6] -1 1356[6] -1 879[9] -1 880[7] -1 881[9] -1 882[9] -1 183[5] -1 181[9] -1 184[5] -1 182[7] -1 243[9] -1 1357[9] -1 244[9] -1 426[9] -1 245[9] -1 246[6] -1 1300[5] -1 1301[9] -1 259[7] -1 260[6] -1 261[9] -1 1358[9] -1 1359[9] -1 1360[7] -1 1328[10] -1 1361[9] -1 270[10] -1 271[8] -1 273[8] -1 272[5] -1 1362[9] -1 1363[8] -1 1364[7] -1 1365[10] -1 1366[8] -1 1367[3] -1 1368[10] -1 -2 SUtility:289

1857[8] -1 1858[8] -1 1859[8] -1 1860[8] -1 1861[8] -1 1862[9] -1 1863[8] -1 1864[6] -1 1865[9] -1 1820[8] -1 1821[8] -1 1823[8] -1 1825[6] -1 1822[7] -1 1824[8] -1 1826[8] -1 772[8] -1 773[8] -1 774[8] -1 934[8] -1 936[8] -1 933[5] -1 935[9] -1 937[9] -1 1866[8] -1 1867[8] -1 1868[8] -1 1869[8] -1 1870[8] -1 1871[8] -1 1872[5] -1 1205[8] -1 1206[9] -1 1207[8] -1 1208[9] -1 1209[9] -1 1210[7] -1 1211[9] -1 -2 SUtility:300

2418[8] -1 2419[8] -1 2420[8] -1 2421[9] -1 2422[8] -1 2423[8] -1 2424[6] -1 2425[8] -1 2426[8] -1 2427[8] -1 2428[8] -1 2429[8] -1 2430[8] -1 2431[8] -1 2432[8] -1 2433[8] -1 2434[5] -1 2435[8] -1 2436[8] -1 2437[8] -1 2438[8] -1 2439[8] -1 2440[6] -1 2441[8] -1 2442[6] -1 2443[9] -1 2444[8] -1 1297[8] -1 1298[4] -1 1300[8] -1 1301[8] -1 259[4] -1 260[5] -1 261[4] -1 2445[6] -1 2446[2] -1 2447[8] -1 2448[8] -1 2449[7] -1 2450[9] -1 1306[7] -1 1308[9] -1 1307[7] -1 2451[9] -1 2452[8] -1 1316[8] -1 2453[8] -1 2454[9] -1 2455[9] -1 2456[8] -1 1317[7] -1 1354[8] -1 2457[9] -1 2458[8] -1 2459[4] -1 2460[8] -1 2461[8] -1 2462[8] -1 2463[8] -1 2464[4] -1 2465[8] -1 2466[8] -1 270[9] -1 271[9] -1 273[5] -1 2467[8] -1 2468[5] -1 2469[8] -1 2470[8] -1 2471[5] -1 1743[6] -1 1744[8] -1 1747[7] -1 1745[6] -1 1746[7] -1 -2 SUtility:551

291[5] -1 661[8] -1 2521[8] -1 2522[8] -1 1000[8] -1 1001[5] -1 163[8] -1 164[9] -1 165[6] -1 821[8] -1 169[8] -1 170[8] -1 171[3] -1 172[9] -1 921[8] -1 922[6] -1 227[9] -1 228[9] -1 229[6] -1 618[8] -1 619[8] -1 623[7] -1 620[6] -1 772[8] -1 773[8] -1 774[6] -1 775[8] -1 776[5] -1 2523[8] -1 2524[8] -1 2525[8] -1 2526[9] -1 2527[7] -1 2528[7] -1 -2 SUtility:250

2414[9] -1 2411[7] -1 2415[9] -1 2751[9] -1 2752[9] -1 2753[9] -1 2754[9] -1 2755[9] -1 1804[9] -1 1017[9] -1 1018[5] -1 1019[10] -1 1016[6] -1 907[9] -1 909[4] -1 906[9] -1 905[7] -1 904[9] -1 910[9] -1 908[7] -1 2756[10] -1 2757[10] -1 913[9] -1 914[9] -1 915[6] -1 917[6] -1 916[7] -1 227[4] -1 921[9] -1 922[7] -1 238[9] -1 2758[9] -1 2759[9] -1 239[4] -1 240[3] -1 2760[8] -1 2501[9] -1 2502[9] -1 2761[8] -1 2762[9] -1 2763[9] -1 2764[9] -1 2765[9] -1 2766[7] -1 2438[9] -1 2439[3] -1 254[7] -1 252[8] -1 251[6] -1 255[10] -1 1743[9] -1 1744[9] -1 1747[10] -1 1745[7] -1 1746[6] -1 953[9] -1 952[9] -1 2767[8] -1 2768[10] -1 2769[6] -1 2770[9] -1 2771[10] -1 2772[6] -1 2773[9] -1 2774[8] -1 2775[9] -1 2776[6] -1 2777[9] -1 2778[8] -1 2779[9] -1 2780[8] -1 -2 SUtility:568

2781[4] -1 243[8] -1 1357[8] -1 244[8] -1 2782[8] -1 2783[8] -1 2784[8] -1 426[8] -1 245[8] -1 246[7] -1 248[5] -1 2785[8] -1 2786[8] -1 2787[8] -1 2788[6] -1 2789[8] -1 2503[8] -1 2505[6] -1 2504[8] -1 2506[4] -1 1279[7] -1 1282[8] -1 1281[6] -1 1280[8] -1 1047[8] -1 1046[8] -1 1044[6] -1 1042[9] -1 1045[9] -1 1043[8] -1 1283[8] -1 1301[8] -1 1300[8] -1 259[8] -1 1815[8] -1 1054[8] -1 1814[8] -1 2790[8] -1 1316[8] -1 2453[8] -1 2454[9] -1 2456[8] -1 2455[7] -1 -2 SUtility:325

2785[8] -1 2786[8] -1 2787[8] -1 2503[8] -1 2788[8] -1 2789[8] -1 2504[6] -1 2506[8] -1 2505[6] -1 1283[8] -1 1046[8] -1 1282[8] -1 1281[6] -1 1280[8] -1 1047[8] -1 1043[8] -1 1045[7] -1 1044[6] -1 3016[8] -1 3017[8] -1 3018[8] -1 2808[8] -1 2809[7] -1 2810[6] -1 2811[6] -1 1286[8] -1 1285[7] -1 251[5] -1 252[7] -1 254[8] -1 253[7] -1 256[9] -1 3019[8] -1 2507[8] -1 2508[8] -1 2509[6] -1 1290[5] -1 3020[7] -1 2445[8] -1 2446[9] -1 2448[8] -1 2447[8] -1 2449[3] -1 924[8] -1 925[8] -1 926[6] -1 928[8] -1 1748[9] -1 927[9] -1 929[6] -1 1849[5] -1 2931[8] -1 2932[8] -1 2937[8] -1 2933[8] -1 2934[7] -1 2935[5] -1 2936[9] -1 -2 SUtility:427

1780[8] -1 1781[8] -1 380[8] -1 381[9] -1 383[7] -1 1193[8] -1 940[8] -1 1194[8] -1 944[6] -1 942[6] -1 943[6] -1 941[9] -1 946[8] -1 945[8] -1 3034[8] -1 3035[8] -1 3036[8] -1 55[8] -1 56[8] -1 57[8] -1 58[9] -1 128[8] -1 129[8] -1 130[8] -1 131[6] -1 133[8] -1 134[8] -1 135[6] -1 136[7] -1 2942[8] -1 2943[9] -1 2944[8] -1 2945[9] -1 2946[7] -1 1362[8] -1 1363[6] -1 1364[6] -1 1365[6] -1 -2 SUtility:290

3076[9] -1 3077[9] -1 3078[9] -1 3079[9] -1 2690[9] -1 2689[7] -1 2691[9] -1 3080[9] -1 2698[9] -1 2700[8] -1 2699[10] -1 2701[7] -1 2702[4] -1 2703[5] -1 284[7] -1 285[9] -1 286[10] -1 2730[9] -1 2731[9] -1 2735[7] -1 2732[8] -1 2733[5] -1 2734[7] -1 618[9] -1 619[9] -1 624[5] -1 620[10] -1 623[6] -1 622[9] -1 621[8] -1 -2 SUtility:240

2404[7] -1 806[9] -1 808[7] -1 804[9] -1 805[9] -1 807[7] -1 809[4] -1 3814[9] -1 3815[9] -1 70[7] -1 71[7] -1 72[6] -1 73[6] -1 74[3] -1 128[7] -1 129[7] -1 130[9] -1 133[9] -1 134[9] -1 135[9] -1 137[6] -1 136[8] -1 2480[9] -1 2481[9] -1 2482[9] -1 2484[9] -1 2485[9] -1 3789[7] -1 2483[9] -1 144[5] -1 146[9] -1 147[5] -1 149[10] -1 145[10] -1 151[9] -1 152[6] -1 155[3] -1 154[10] -1 153[10] -1 156[7] -1 157[9] -1 163[6] -1 164[10] -1 165[9] -1 167[9] -1 166[2] -1 169[7] -1 170[9] -1 171[4] -1 173[7] -1 174[6] -1 172[2] -1 181[7] -1 182[9] -1 184[9] -1 183[5] -1 186[9] -1 188[7] -1 191[5] -1 190[10] -1 189[6] -1 192[8] -1 207[9] -1 208[5] -1 209[10] -1 212[6] -1 211[8] -1 624[8] -1 618[9] -1 619[7] -1 623[8] -1 621[10] -1 620[10] -1 -2 SUtility:553

3816[9] -1 3817[9] -1 3818[9] -1 1811[8] -1 1809[3] -1 2418[9] -1 2419[7] -1 2420[9] -1 2421[10] -1 2422[9] -1 2423[9] -1 2424[9] -1 2425[6] -1 2799[9] -1 3819[9] -1 3820[9] -1 3821[9] -1 3822[9] -1 3823[9] -1 1041[5] -1 1040[4] -1 1039[9] -1 2428[9] -1 2429[9] -1 2430[9] -1 2431[7] -1 2432[6] -1 2433[9] -1 2434[5] -1 3824[9] -1 3825[5] -1 2803[7] -1 2802[6] -1 2804[9] -1 2805[9] -1 3826[9] -1 3827[9] -1 3828[9] -1 3829[9] -1 2436[5] -1 2437[9] -1 2438[7] -1 2439[9] -1 2440[4] -1 3830[5] -1 3831[9] -1 2435[9] -1 2807[9] -1 2789[9] -1 2503[7] -1 2504[5] -1 2505[9] -1 2506[9] -1 2785[7] -1 2786[9] -1 2787[9] -1 2788[9] -1 2683[9] -1 2684[9] -1 2685[9] -1 2686[5] -1 2688[3] -1 2687[5] -1 3832[7] -1 3833[7] -1 3834[9] -1 -2 SUtility:515

849[6] -1 2667[8] -1 9[7] -1 3835[8] -1 3836[8] -1 3837[8] -1 3838[8] -1 3839[5] -1 96[8] -1 97[6] -1 2496[9] -1 2497[8] -1 2498[8] -1 2500[8] -1 2499[8] -1 1739[8] -1 1738[7] -1 1737[8] -1 3840[8] -1 3841[8] -1 3842[8] -1 3843[8] -1 3844[8] -1 3845[8] -1 3846[7] -1 928[4] -1 1748[7] -1 2939[8] -1 2940[8] -1 2941[7] -1 2931[8] -1 2932[8] -1 2937[6] -1 2933[8] -1 2935[9] -1 2934[7] -1 -2 SUtility:271

1482[5] -1 1714[7] -1 1715[9] -1 1218[9] -1 1219[9] -1 1220[4] -1 1221[4] -1 1224[7] -1 1225[6] -1 1223[3] -1 988[9] -1 990[9] -1 991[7] -1 151[9] -1 152[4] -1 153[9] -1 155[10] -1 3345[7] -1 3346[9] -1 156[9] -1 3347[7] -1 157[9] -1 158[10] -1 250[6] -1 232[9] -1 233[7] -1 235[8] -1 234[7] -1 276[9] -1 278[9] -1 279[5] -1 284[9] -1 285[7] -1 255[7] -1 877[7] -1 -2 SUtility:261

3014[8] -1 3015[8] -1 968[6] -1 3013[8] -1 1828[8] -1 970[7] -1 969[8] -1 971[9] -1 4689[8] -1 975[8] -1 977[6] -1 976[6] -1 978[9] -1 979[9] -1 980[8] -1 981[9] -1 982[6] -1 983[3] -1 985[9] -1 984[6] -1 -2 SUtility:149

1894[6] -1 2510[9] -1 2511[9] -1 2512[9] -1 1815[9] -1 1814[9] -1 1054[9] -1 1055[7] -1 1053[9] -1 1056[7] -1 4346[9] -1 4347[9] -1 4348[9] -1 4349[9] -1 4350[9] -1 1306[10] -1 1307[7] -1 1308[10] -1 1314[7] -1 1310[9] -1 1309[9] -1 1315[7] -1 1312[9] -1 1313[5] -1 1311[7] -1 1851[9] -1 1854[10] -1 1852[9] -1 1853[8] -1 1855[10] -1 1856[3] -1 2700[4] -1 2701[3] -1 2699[10] -1 2698[9] -1 2702[4] -1 2703[6] -1 -2 SUtility:293

4308[8] -1 4309[8] -1 4310[8] -1 4311[8] -1 3019[8] -1 2507[6] -1 2509[6] -1 2508[8] -1 1290[3] -1 3020[6] -1 1277[9] -1 1051[6] -1 1050[6] -1 1048[7] -1 1049[8] -1 1296[6] -1 1295[8] -1 1294[4] -1 1293[8] -1 4312[8] -1 1052[7] -1 4315[6] -1 4316[6] -1 1300[8] -1 1301[8] -1 259[8] -1 260[7] -1 78[7] -1 767[9] -1 766[9] -1 768[6] -1 769[9] -1 770[9] -1 1861[8] -1 1862[9] -1 1863[8] -1 1864[6] -1 -2 SUtility:269

4312[8] -1 1293[8] -1 1294[8] -1 1295[8] -1 1049[8] -1 1296[8] -1 1048[6] -1 1050[9] -1 1051[8] -1 4565[8] -1 4746[8] -1 4747[8] -1 2441[8] -1 2442[8] -1 2443[9] -1 2444[8] -1 1297[8] -1 4366[8] -1 1315[8] -1 1309[8] -1 1310[8] -1 1314[8] -1 1313[4] -1 1312[8] -1 -2 SUtility:188

4762[9] -1 4763[9] -1 4764[10] -1 4765[10] -1 1362[7] -1 1363[7] -1 1364[3] -1 4766[10] -1 1851[9] -1 1852[9] -1 1853[6] -1 1854[4] -1 1855[4] -1 2973[10] -1 639[9] -1 772[9] -1 773[5] -1 774[7] -1 776[8] -1 775[9] -1 -2 SUtility:154

4995[9] -1 4996[9] -1 4999[9] -1 4997[9] -1 1080[9] -1 4998[9] -1 1081[9] -1 1084[7] -1 1083[10] -1 4766[4] -1 1851[7] -1 4567[9] -1 4568[9] -1 4569[9] -1 3080[9] -1 2698[9] -1 2700[8] -1 2701[5] -1 2699[4] -1 2703[8] -1 2702[9] -1 4553[9] -1 2704[9] -1 2705[7] -1 2707[7] -1 2708[7] -1 2706[3] -1 2710[9] -1 -2 SUtility:221

128[9] -1 129[7] -1 130[9] -1 133[9] -1 134[9] -1 135[7] -1 136[10] -1 137[10] -1 4518[9] -1 1259[9] -1 1253[9] -1 1254[9] -1 1257[9] -1 1256[9] -1 1252[5] -1 1255[5] -1 1258[5] -1 238[9] -1 2758[9] -1 1286[9] -1 1285[7] -1 254[9] -1 251[10] -1 252[6] -1 253[5] -1 256[10] -1 2858[7] -1 2868[4] -1 4420[9] -1 4419[9] -1 271[6] -1 273[8] -1 270[10] -1 -2 SUtility:266

4550[9] -1 4552[8] -1 2704[7] -1 2706[9] -1 2707[5] -1 4553[9] -1 4551[10] -1 2705[9] -1 2708[9] -1 3813[7] -1 2711[9] -1 2712[7] -1 2713[7] -1 2714[10] -1 2715[9] -1 1821[9] -1 1823[9] -1 1822[7] -1 1825[9] -1 1824[9] -1 1827[4] -1 -2 SUtility:171

1277[7] -1 4302[8] -1 1286[6] -1 1570[8] -1 1971[8] -1 4597[8] -1 4794[8] -1 686[9] -1 4330[8] -1 4965[6] -1 2929[8] -1 2930[8] -1 923[8] -1 924[6] -1 925[8] -1 926[8] -1 2938[8] -1 2939[8] -1 2940[8] -1 2941[7] -1 2933[8] -1 2932[8] -1 2931[8] -1 2937[6] -1 2934[7] -1 3079[8] -1 2689[8] -1 2691[6] -1 2690[8] -1 2692[4] -1 2698[8] -1 2700[6] -1 2699[5] -1 2701[7] -1 2702[6] -1 2703[7] -1 2704[8] -1 2705[8] -1 2706[8] -1 2707[2] -1 2708[8] -1 2709[8] -1 1821[8] -1 1823[8] -1 1822[9] -1 1825[8] -1 1824[8] -1 3601[9] -1 -2 SUtility:355

1264[7] -1 2729[8] -1 3010[8] -1 3011[8] -1 3012[8] -1 3009[7] -1 883[6] -1 884[7] -1 885[5] -1 886[9] -1 2578[8] -1 1275[9] -1 1835[8] -1 1834[6] -1 1276[9] -1 -2 SUtility:113

686[9] -1 843[8] -1 3819[8] -1 3820[8] -1 3821[8] -1 1039[8] -1 1040[4] -1 2426[8] -1 2427[8] -1 2428[8] -1 2429[8] -1 2430[6] -1 2431[8] -1 2433[6] -1 4275[8] -1 4276[8] -1 4277[8] -1 2759[8] -1 2758[6] -1 238[8] -1 3720[6] -1 3387[8] -1 3388[8] -1 3390[8] -1 3389[8] -1 3392[8] -1 3391[7] -1 2764[6] -1 2765[8] -1 2501[8] -1 2766[8] -1 2502[8] -1 2760[7] -1 1482[5] -1 1907[7] -1 2807[8] -1 2439[8] -1 2435[8] -1 2436[8] -1 2437[8] -1 2438[5] -1 2440[9] -1 2789[8] -1 2503[6] -1 2504[8] -1 2505[8] -1 2506[8] -1 1687[9] -1 376[9] -1 2198[5] -1 1131[8] -1 2918[9] -1 1328[9] -1 1099[7] -1 5186[6] -1 7[8] -1 3289[9] -1 2663[8] -1 1742[5] -1 975[8] -1 976[9] -1 977[8] -1 979[9] -1 978[9] -1 1839[5] -1 -2 SUtility:493

1277[9] -1 1062[8] -1 1063[8] -1 1064[7] -1 1065[9] -1 4402[8] -1 4403[8] -1 4404[9] -1 1818[8] -1 1066[8] -1 3400[8] -1 3399[9] -1 3401[6] -1 1068[8] -1 1067[8] -1 1069[7] -1 1819[7] -1 1070[5] -1 1071[9] -1 1072[6] -1 1073[8] -1 1074[9] -1 1075[8] -1 4483[8] -1 4484[8] -1 4482[8] -1 1848[5] -1 1268[9] -1 1267[8] -1 1266[6] -1 1264[7] -1 1265[9] -1 1262[5] -1 4516[8] -1 4512[8] -1 4566[4] -1 4515[7] -1 1634[8] -1 1076[6] -1 1077[8] -1 4968[8] -1 1078[7] -1 4969[8] -1 1079[9] -1 923[8] -1 924[8] -1 1748[6] -1 925[8] -1 929[7] -1 926[6] -1 927[9] -1 1080[8] -1 1081[8] -1 1084[6] -1 1083[9] -1 1082[6] -1 1086[8] -1 1087[6] -1 1085[9] -1 1089[8] -1 1088[9] -1 2991[9] -1 2745[8] -1 2744[8] -1 2746[8] -1 2747[6] -1 2749[8] -1 2748[7] -1 1869[8] -1 1870[8] -1 1868[8] -1 1867[8] -1 1872[9] -1 1866[9] -1 1871[6] -1 1211[9] -1 1210[4] -1 1205[8] -1 1208[9] -1 1206[6] -1 1207[8] -1 1209[5] -1 968[8] -1 969[8] -1 972[5] -1 971[5] -1 970[5] -1 1829[5] -1 5188[8] -1 5189[6] -1 -2 SUtility:672

804[8] -1 1213[8] -1 1215[8] -1 1214[8] -1 1212[8] -1 3248[6] -1 3994[5] -1 3993[8] -1 1099[9] -1 4399[8] -1 4400[8] -1 4401[8] -1 3397[8] -1 1354[8] -1 2457[7] -1 2458[8] -1 2459[6] -1 2626[8] -1 3012[8] -1 3009[7] -1 883[6] -1 884[7] -1 885[9] -1 886[9] -1 887[5] -1 -2 SUtility:188

1007[6] -1 4565[8] -1 4746[8] -1 4747[8] -1 2442[6] -1 2441[8] -1 2443[4] -1 4313[6] -1 4314[8] -1 4315[8] -1 4316[6] -1 2944[5] -1 2686[6] -1 3832[8] -1 3833[8] -1 3834[8] -1 2718[9] -1 1865[9] -1 981[4] -1 -2 SUtility:133

1185[8] -1 2958[6] -1 767[6] -1 619[8] -1 2991[9] -1 976[9] -1 981[7] -1 -2 SUtility:53

4565[9] -1 2523[7] -1 2998[6] -1 2996[9] -1 2744[4] -1 2745[5] -1 1205[9] -1 1206[6] -1 1207[9] -1 1269[9] -1 1093[7] -1 1271[9] -1 3009[8] -1 960[7] -1 961[4] -1 962[10] -1 -2 SUtility:118

4565[9] -1 2922[7] -1 1743[7] -1 1744[9] -1 587[9] -1 3116[8] -1 2788[9] -1 1895[9] -1 1214[9] -1 20[5] -1 553[7] -1 629[6] -1 1000[5] -1 515[3] -1 529[4] -1 2414[5] -1 2474[10] -1 3009[6] -1 964[9] -1 973[8] -1 -2 SUtility:144

4983[5] -1 80[4] -1 4577[8] -1 2474[9] -1 3771[8] -1 5022[8] -1 4575[8] -1 4938[8] -1 4708[8] -1 3769[9] -1 4908[8] -1 987[8] -1 4911[8] -1 4576[8] -1 4899[6] -1 3814[8] -1 3810[8] -1 3433[8] -1 4872[8] -1 3383[8] -1 1380[9] -1 1382[8] -1 1384[9] -1 1381[9] -1 284[6] -1 1295[8] -1 3463[8] -1 4040[8] -1 4674[8] -1 4914[8] -1 1954[9] -1 823[8] -1 2950[8] -1 -2 SUtility:259

4518[8] -1 1259[8] -1 1253[8] -1 2488[8] -1 992[8] -1 5809[8] -1 2879[9] -1 5028[8] -1 5810[6] -1 4688[8] -1 4343[8] -1 4575[8] -1 1815[8] -1 1377[8] -1 923[8] -1 1286[8] -1 1570[8] -1 2441[8] -1 3494[8] -1 3524[8] -1 5020[8] -1 3798[8] -1 1908[8] -1 1390[8] -1 3415[8] -1 363[6] -1 5005[9] -1 1357[8] -1 1946[8] -1 1242[9] -1 3983[8] -1 5052[8] -1 4908[8] -1 3500[8] -1 3515[8] -1 4332[8] -1 2077[6] -1 3496[8] -1 5053[8] -1 5056[8] -1 5054[8] -1 5055[8] -1 2731[8] -1 2730[8] -1 619[8] -1 3010[8] -1 3011[8] -1 5071[8] -1 5072[8] -1 -2 SUtility:389

618[8] -1 619[8] -1 2985[8] -1 2986[8] -1 1820[8] -1 4503[8] -1 4502[8] -1 2999[8] -1 3001[8] -1 1867[8] -1 2995[8] -1 80[8] -1 4577[8] -1 2474[9] -1 3771[8] -1 5022[8] -1 4708[8] -1 3769[9] -1 3814[8] -1 4899[4] -1 4911[8] -1 3433[8] -1 4872[8] -1 4983[5] -1 4938[8] -1 4575[8] -1 2711[6] -1 5813[8] -1 562[8] -1 3004[8] -1 3003[6] -1 3002[6] -1 1205[6] -1 4908[8] -1 987[6] -1 1206[9] -1 1207[8] -1 1208[9] -1 4576[8] -1 1295[8] -1 3463[8] -1 4040[8] -1 4674[8] -1 4914[8] -1 1954[9] -1 823[8] -1 3383[8] -1 1971[8] -1 821[8] -1 641[8] -1 1438[8] -1 1269[8] -1 1093[4] -1 1271[5] -1 2751[8] -1 4923[8] -1 2517[8] -1 2650[8] -1 1921[8] -1 3823[8] -1 1049[6] -1 3312[8] -1 3796[8] -1 989[8] -1 4939[8] -1 546[8] -1 960[8] -1 962[9] -1 663[8] -1 3797[8] -1 3304[8] -1 1378[9] -1 3325[8] -1 5814[8] -1 4316[8] -1 1309[8] -1 2628[8] -1 4035[8] -1 264[8] -1 3102[8] -1 4527[8] -1 2294[8] -1 2591[9] -1 2507[8] -1 1828[4] -1 971[9] -1 992[6] -1 2430[8] -1 3625[9] -1 1672[8] -1 5009[8] -1 3250[9] -1 5815[8] -1 5816[8] -1 8[9] -1 1449[9] -1 3013[6] -1 -2 SUtility:755

3524[9] -1 3798[9] -1 1390[5] -1 3415[9] -1 3983[9] -1 363[5] -1 1946[9] -1 4424[8] -1 4908[9] -1 3515[9] -1 4332[7] -1 2077[7] -1 1851[9] -1 3586[9] -1 3800[9] -1 3463[9] -1 5817[8] -1 880[9] -1 913[9] -1 1811[7] -1 4469[7] -1 987[9] -1 4073[9] -1 4866[9] -1 3502[9] -1 1732[9] -1 3757[9] -1 3497[9] -1 3086[9] -1 4454[9] -1 4338[4] -1 2954[9] -1 2949[2] -1 2717[9] -1 2522[9] -1 3771[9] -1 2018[9] -1 4553[9] -1 4474[9] -1 4967[6] -1 2420[9] -1 2915[4] -1 2445[9] -1 4060[9] -1 1805[9] -1 1951[9] -1 4470[9] -1 3182[4] -1 3523[7] -1 2421[4] -1 3390[9] -1 2500[9] -1 1503[9] -1 2752[5] -1 5021[7] -1 3221[9] -1 3498[5] -1 655[9] -1 3140[9] -1 1344[9] -1 3375[4] -1 4401[9] -1 4128[6] -1 1047[9] -1 2627[7] -1 2958[6] -1 322[7] -1 1116[4] -1 2442[7] -1 4764[10] -1 3232[6] -1 536[9] -1 2788[6] -1 1895[7] -1 939[4] -1 1971[9] -1 1438[5] -1 1816[6] -1 3368[4] -1 1391[9] -1 5019[9] -1 2503[9] -1 3804[9] -1 1947[7] -1 3564[7] -1 4479[7] -1 4226[9] -1 1129[6] -1 2889[7] -1 516[6] -1 1780[9] -1 3853[8] -1 1670[9] -1 3398[4] -1 895[5] -1 5024[9] -1 3329[9] -1 1860[9] -1 829[9] -1 2422[9] -1 924[5] -1 2517[9] -1 3352[9] -1 4016[7] -1 2751[9] -1 3461[9] -1 2977[10] -1 2975[9] -1 2976[9] -1 2769[2] -1 2605[10] -1 1881[9] -1 3018[4] -1 4766[8] -1 2438[9] -1 4441[10] -1 1744[7] -1 1733[9] -1 2423[9] -1 2462[9] -1 4471[10] -1 1316[7] -1 3450[6] -1 3991[9] -1 3383[9] -1 2443[6] -1 823[5] -1 3808[5] -1 618[3] -1 2737[5] -1 2739[4] -1 4349[9] -1 1200[9] -1 1302[6] -1 2704[5] -1 4027[5] -1 2475[4] -1 1820[9] -1 1821[9] -1 2476[9] -1 3377[5] -1 2730[9] -1 4442[5] -1 4552[4] -1 2491[9] -1 5056[5] -1 4505[5] -1 4503[9] -1 4504[5] -1 773[9] -1 1823[9] -1 2965[9] -1 2724[7] -1 2523[5] -1 2524[7] -1 5818[8] -1 -2 SUtility:1176

​
S