2497[8] -1 2498[8] -1 2500[8] -1 2496[9] -1 3101[6] -1 4098[8] -1 4096[8] -1 3451[6] -1 4935[8] -1 4399[5] -1 4400[5] -1 3397[6] -1 4550[8] -1 -2 SUtility:93

1277[9] -1 4965[8] -1 5773[9] -1 3502[8] -1 2954[8] -1 618[8] -1 -2 SUtility:50

3432[8] -1 2730[8] -1 2982[8] -1 2984[6] -1 1821[8] -1 2576[8] -1 5072[8] -1 4592[8] -1 -2 SUtility:62

4565[8] -1 3002[4] -1 1206[9] -1 1269[8] -1 1093[5] -1 3005[6] -1 959[8] -1 3006[8] -1 3009[5] -1 883[8] -1 885[7] -1 964[8] -1 961[8] -1 973[9] -1 2577[8] -1 2578[8] -1 -2 SUtility:117

3396[6] -1 2576[8] -1 5071[8] -1 4592[8] -1 981[9] -1 -2 SUtility:39

1277[6] -1 3824[9] -1 3390[7] -1 4017[10] -1 -2 SUtility:32

3826[6] -1 4302[6] -1 4308[8] -1 4439[8] -1 4440[8] -1 -2 SUtility:36

2961[8] -1 1857[8] -1 1859[8] -1 1858[8] -1 2577[8] -1 -2 SUtility:40

1205[8] -1 1206[9] -1 959[6] -1 3011[8] -1 3013[8] -1 980[6] -1 -2 SUtility:45

1277[9] -1 4472[6] -1 4484[6] -1 -2 SUtility:21

3014[8] -1 5067[8] -1 2578[8] -1 1834[8] -1 -2 SUtility:32

2929[8] -1 3810[8] -1 2711[6] -1 3812[8] -1 2952[8] -1 2953[4] -1 284[8] -1 2950[8] -1 2949[6] -1 2951[8] -1 2984[8] -1 2983[8] -1 964[6] -1 -2 SUtility:94

4565[6] -1 4048[8] -1 3826[8] -1 291[9] -1 4413[8] -1 2462[6] -1 4415[4] -1 4416[8] -1 4417[6] -1 2467[8] -1 271[9] -1 4422[3] -1 4424[6] -1 4016[8] -1 4017[9] -1 4442[8] -1 4439[6] -1 4441[9] -1 4440[8] -1 4022[8] -1 2516[6] -1 4764[4] -1 1364[9] -1 1363[7] -1 4763[8] -1 4762[6] -1 2952[6] -1 2954[8] -1 2955[8] -1 2953[8] -1 2717[6] -1 2718[9] -1 2719[8] -1 1863[8] -1 1860[8] -1 2965[8] -1 2769[7] -1 2975[8] -1 1821[8] -1 2985[8] -1 4503[8] -1 774[8] -1 2987[8] -1 2988[8] -1 2523[8] -1 1868[6] -1 1870[8] -1 2577[8] -1 2579[8] -1 2576[6] -1 978[9] -1 976[9] -1 5072[8] -1 4592[8] -1 981[7] -1 4591[8] -1 -2 SUtility:418

4452[8] -1 4961[8] -1 4962[8] -1 4963[4] -1 4514[8] -1 4512[8] -1 4566[9] -1 4513[9] -1 2930[8] -1 2938[8] -1 2939[8] -1 3981[8] -1 931[8] -1 2696[8] -1 3983[8] -1 2952[8] -1 2953[8] -1 1857[8] -1 1862[9] -1 1860[8] -1 2985[6] -1 1821[8] -1 1823[8] -1 1820[8] -1 968[4] -1 1828[8] -1 3013[8] -1 -2 SUtility:209

3009[4] -1 2578[9] -1 1275[8] -1 1276[8] -1 975[7] -1 -2 SUtility:36

686[9] -1 259[6] -1 2448[8] -1 2446[7] -1 4017[7] -1 499[8] -1 2517[8] -1 2814[9] -1 3080[8] -1 2698[8] -1 -2 SUtility:78

1277[5] -1 4481[8] -1 4934[7] -1 3432[8] -1 293[8] -1 3434[8] -1 3436[8] -1 3447[9] -1 5052[6] -1 4027[6] -1 4344[8] -1 3396[8] -1 -2 SUtility:89

3007[9] -1 968[7] -1 1828[5] -1 -2 SUtility:21

2950[6] -1 2951[8] -1 2949[9] -1 2717[4] -1 2719[6] -1 2977[3] -1 2976[8] -1 2975[8] -1 1822[5] -1 4504[8] -1 4503[8] -1 4505[8] -1 772[8] -1 773[8] -1 774[8] -1 3013[8] -1 969[8] -1 973[5] -1 5070[9] -1 5067[6] -1 974[8] -1 975[8] -1 979[7] -1 4591[8] -1 980[8] -1 981[9] -1 983[9] -1 -2 SUtility:198

1816[5] -1 4197[8] -1 4404[9] -1 1818[8] -1 2467[8] -1 4415[8] -1 4424[9] -1 1293[8] -1 4075[7] -1 4830[8] -1 1294[6] -1 4065[8] -1 4805[6] -1 3454[7] -1 3843[8] -1 3446[5] -1 4441[5] -1 4442[8] -1 2469[8] -1 1068[4] -1 1067[8] -1 1069[7] -1 1070[3] -1 4960[8] -1 4044[8] -1 3433[8] -1 3437[8] -1 891[8] -1 2787[8] -1 4058[8] -1 4021[8] -1 2519[8] -1 3388[8] -1 1287[8] -1 4963[8] -1 -2 SUtility:257

4439[6] -1 4440[6] -1 3402[6] -1 3432[6] -1 4442[8] -1 2469[8] -1 2518[6] -1 2519[8] -1 2520[9] -1 4476[8] -1 3417[6] -1 4961[8] -1 4962[8] -1 4963[8] -1 4512[8] -1 5042[8] -1 1277[9] -1 974[6] -1 2579[8] -1 2578[8] -1 2577[8] -1 4689[8] -1 975[8] -1 976[9] -1 1637[8] -1 4592[8] -1 4591[8] -1 980[8] -1 -2 SUtility:213

1286[8] -1 2881[8] -1 4978[8] -1 4977[8] -1 1853[5] -1 -2 SUtility:37

1277[9] -1 4969[6] -1 4968[8] -1 924[6] -1 926[6] -1 2941[7] -1 -2 SUtility:42

2930[4] -1 2929[4] -1 2952[6] -1 2953[6] -1 2785[8] -1 2938[8] -1 3810[8] -1 4961[8] -1 4308[8] -1 4312[6] -1 4567[6] -1 4302[6] -1 4275[8] -1 1289[8] -1 5028[8] -1 3417[8] -1 4476[8] -1 3805[8] -1 2950[6] -1 2951[8] -1 2949[9] -1 2717[5] -1 2948[7] -1 2718[9] -1 -2 SUtility:170

4565[8] -1 1362[8] -1 2694[6] -1 -2 SUtility:22

1616[8] -1 170[8] -1 254[8] -1 1069[9] -1 -2 SUtility:33

1049[8] -1 3400[8] -1 4016[8] -1 2470[4] -1 4023[8] -1 -2 SUtility:36

1269[8] -1 884[9] -1 3007[8] -1 3008[8] -1 960[8] -1 961[8] -1 3013[6] -1 1276[5] -1 1275[7] -1 2578[8] -1 -2 SUtility:75

1799[8] -1 3825[6] -1 1068[8] -1 4474[6] -1 4475[5] -1 1072[8] -1 3408[8] -1 -2 SUtility:49

4565[8] -1 2418[6] -1 1857[4] -1 3014[8] -1 5067[8] -1 976[7] -1 979[7] -1 1637[5] -1 981[9] -1 -2 SUtility:62

962[8] -1 969[5] -1 1276[8] -1 1275[10] -1 975[5] -1 976[4] -1 981[10] -1 -2 SUtility:50

3009[7] -1 883[8] -1 968[8] -1 3013[8] -1 973[7] -1 2578[6] -1 2577[8] -1 1275[9] -1 1276[7] -1 981[4] -1 -2 SUtility:72

4565[9] -1 1081[3] -1 4766[10] -1 3312[7] -1 3448[9] -1 3009[10] -1 3012[6] -1 973[3] -1 -2 SUtility:57S