128 -1 129 -1 130 -1 #UTIL: 99
128 -1 129 -1 130 -1 133 -1 #UTIL: 134
128 -1 129 -1 130 -1 134 -1 #UTIL: 134
128 -1 129 -1 130 -1 135 -1 #UTIL: 130
128 -1 129 -1 130 -1 136 -1 #UTIL: 129
128 -1 129 -1 130 -1 137 -1 #UTIL: 97
128 -1 129 -1 133 -1 #UTIL: 99
128 -1 129 -1 133 -1 134 -1 #UTIL: 134
128 -1 129 -1 133 -1 135 -1 #UTIL: 130
128 -1 129 -1 133 -1 136 -1 #UTIL: 129
128 -1 129 -1 133 -1 137 -1 #UTIL: 97
128 -1 129 -1 134 -1 #UTIL: 99
128 -1 129 -1 134 -1 135 -1 #UTIL: 130
128 -1 129 -1 134 -1 136 -1 #UTIL: 129
128 -1 129 -1 134 -1 137 -1 #UTIL: 97
128 -1 129 -1 135 -1 #UTIL: 95
128 -1 129 -1 135 -1 136 -1 #UTIL: 125
128 -1 129 -1 135 -1 137 -1 #UTIL: 95
128 -1 129 -1 136 -1 #UTIL: 94
128 -1 130 -1 133 -1 #UTIL: 103
128 -1 130 -1 133 -1 134 -1 #UTIL: 138
128 -1 130 -1 133 -1 135 -1 #UTIL: 134
128 -1 130 -1 133 -1 136 -1 #UTIL: 133
128 -1 130 -1 133 -1 137 -1 #UTIL: 101
128 -1 130 -1 134 -1 #UTIL: 103
128 -1 130 -1 134 -1 135 -1 #UTIL: 134
128 -1 130 -1 134 -1 136 -1 #UTIL: 133
128 -1 130 -1 134 -1 137 -1 #UTIL: 101
128 -1 130 -1 135 -1 #UTIL: 99
128 -1 130 -1 135 -1 136 -1 #UTIL: 129
128 -1 130 -1 135 -1 137 -1 #UTIL: 99
128 -1 130 -1 136 -1 #UTIL: 98
128 -1 133 -1 #UTIL: 84
128 -1 133 -1 270 -1 #UTIL: 81
128 -1 133 -1 134 -1 #UTIL: 127
128 -1 133 -1 134 -1 270 -1 #UTIL: 107
128 -1 133 -1 134 -1 271 -1 #UTIL: 98
128 -1 133 -1 134 -1 273 -1 #UTIL: 103
128 -1 133 -1 134 -1 135 -1 #UTIL: 166
128 -1 133 -1 134 -1 136 -1 #UTIL: 165
128 -1 133 -1 134 -1 137 -1 #UTIL: 134
128 -1 133 -1 134 -1 144 -1 #UTIL: 94
128 -1 133 -1 135 -1 #UTIL: 123
128 -1 133 -1 135 -1 270 -1 #UTIL: 105
128 -1 133 -1 135 -1 271 -1 #UTIL: 96
128 -1 133 -1 135 -1 273 -1 #UTIL: 101
128 -1 133 -1 135 -1 136 -1 #UTIL: 161
128 -1 133 -1 135 -1 137 -1 #UTIL: 132
128 -1 133 -1 135 -1 144 -1 #UTIL: 94
128 -1 133 -1 136 -1 #UTIL: 122
128 -1 133 -1 136 -1 270 -1 #UTIL: 104
128 -1 133 -1 136 -1 271 -1 #UTIL: 95
128 -1 133 -1 136 -1 273 -1 #UTIL: 100
128 -1 133 -1 136 -1 137 -1 #UTIL: 100
128 -1 133 -1 136 -1 144 -1 #UTIL: 89
128 -1 133 -1 137 -1 #UTIL: 99
128 -1 133 -1 137 -1 270 -1 #UTIL: 106
128 -1 133 -1 137 -1 271 -1 #UTIL: 97
128 -1 133 -1 137 -1 273 -1 #UTIL: 102
128 -1 133 -1 137 -1 144 -1 #UTIL: 89
128 -1 134 -1 #UTIL: 84
128 -1 134 -1 270 -1 #UTIL: 81
128 -1 134 -1 135 -1 #UTIL: 123
128 -1 134 -1 135 -1 270 -1 #UTIL: 105
128 -1 134 -1 135 -1 271 -1 #UTIL: 96
128 -1 134 -1 135 -1 273 -1 #UTIL: 101
128 -1 134 -1 135 -1 136 -1 #UTIL: 161
128 -1 134 -1 135 -1 137 -1 #UTIL: 132
128 -1 134 -1 135 -1 144 -1 #UTIL: 94
128 -1 134 -1 136 -1 #UTIL: 122
128 -1 134 -1 136 -1 270 -1 #UTIL: 104
128 -1 134 -1 136 -1 271 -1 #UTIL: 95
128 -1 134 -1 136 -1 273 -1 #UTIL: 100
128 -1 134 -1 136 -1 137 -1 #UTIL: 100
128 -1 134 -1 136 -1 144 -1 #UTIL: 89
128 -1 134 -1 137 -1 #UTIL: 99
128 -1 134 -1 137 -1 270 -1 #UTIL: 106
128 -1 134 -1 137 -1 271 -1 #UTIL: 97
128 -1 134 -1 137 -1 273 -1 #UTIL: 102
128 -1 134 -1 137 -1 144 -1 #UTIL: 89
128 -1 135 -1 #UTIL: 80
128 -1 135 -1 136 -1 #UTIL: 118
128 -1 135 -1 136 -1 270 -1 #UTIL: 102
128 -1 135 -1 136 -1 271 -1 #UTIL: 93
128 -1 135 -1 136 -1 273 -1 #UTIL: 98
128 -1 135 -1 136 -1 137 -1 #UTIL: 98
128 -1 135 -1 136 -1 144 -1 #UTIL: 89
128 -1 135 -1 137 -1 #UTIL: 97
128 -1 135 -1 137 -1 270 -1 #UTIL: 104
128 -1 135 -1 137 -1 271 -1 #UTIL: 95
128 -1 135 -1 137 -1 273 -1 #UTIL: 100
128 -1 135 -1 137 -1 144 -1 #UTIL: 89
128 -1 136 -1 137 -1 270 -1 #UTIL: 103
128 -1 136 -1 137 -1 271 -1 #UTIL: 94
128 -1 136 -1 137 -1 273 -1 #UTIL: 99
128 -1 137 -1 270 -1 #UTIL: 80
129 -1 130 -1 133 -1 #UTIL: 101
129 -1 130 -1 133 -1 134 -1 #UTIL: 136
129 -1 130 -1 133 -1 135 -1 #UTIL: 132
129 -1 130 -1 133 -1 136 -1 #UTIL: 131
129 -1 130 -1 133 -1 137 -1 #UTIL: 99
129 -1 130 -1 134 -1 #UTIL: 101
129 -1 130 -1 134 -1 135 -1 #UTIL: 132
129 -1 130 -1 134 -1 136 -1 #UTIL: 131
129 -1 130 -1 134 -1 137 -1 #UTIL: 99
129 -1 130 -1 135 -1 #UTIL: 97
129 -1 130 -1 135 -1 136 -1 #UTIL: 127
129 -1 130 -1 135 -1 137 -1 #UTIL: 97
129 -1 130 -1 136 -1 #UTIL: 96
129 -1 133 -1 134 -1 #UTIL: 101
129 -1 133 -1 134 -1 135 -1 #UTIL: 132
129 -1 133 -1 134 -1 136 -1 #UTIL: 131
129 -1 133 -1 134 -1 137 -1 #UTIL: 99
129 -1 133 -1 135 -1 #UTIL: 97
129 -1 133 -1 135 -1 136 -1 #UTIL: 127
129 -1 133 -1 135 -1 137 -1 #UTIL: 97
129 -1 133 -1 136 -1 #UTIL: 96
129 -1 134 -1 135 -1 #UTIL: 97
129 -1 134 -1 135 -1 136 -1 #UTIL: 127
129 -1 134 -1 135 -1 137 -1 #UTIL: 97
129 -1 134 -1 136 -1 #UTIL: 96
129 -1 135 -1 136 -1 #UTIL: 92
130 -1 133 -1 134 -1 #UTIL: 105
130 -1 133 -1 134 -1 135 -1 #UTIL: 136
130 -1 133 -1 134 -1 136 -1 #UTIL: 135
130 -1 133 -1 134 -1 137 -1 #UTIL: 103
130 -1 133 -1 135 -1 #UTIL: 101
130 -1 133 -1 135 -1 136 -1 #UTIL: 131
130 -1 133 -1 135 -1 137 -1 #UTIL: 101
130 -1 133 -1 136 -1 #UTIL: 100
130 -1 134 -1 135 -1 #UTIL: 101
130 -1 134 -1 135 -1 136 -1 #UTIL: 131
130 -1 134 -1 135 -1 137 -1 #UTIL: 101
130 -1 134 -1 136 -1 #UTIL: 100
130 -1 135 -1 136 -1 #UTIL: 96
133 -1 134 -1 #UTIL: 86
133 -1 134 -1 270 -1 #UTIL: 81
133 -1 134 -1 135 -1 #UTIL: 125
133 -1 134 -1 135 -1 270 -1 #UTIL: 105
133 -1 134 -1 135 -1 271 -1 #UTIL: 96
133 -1 134 -1 135 -1 273 -1 #UTIL: 101
133 -1 134 -1 135 -1 136 -1 #UTIL: 163
133 -1 134 -1 135 -1 137 -1 #UTIL: 134
133 -1 134 -1 135 -1 144 -1 #UTIL: 96
133 -1 134 -1 136 -1 #UTIL: 124
133 -1 134 -1 136 -1 270 -1 #UTIL: 104
133 -1 134 -1 136 -1 271 -1 #UTIL: 95
133 -1 134 -1 136 -1 273 -1 #UTIL: 100
133 -1 134 -1 136 -1 137 -1 #UTIL: 100
133 -1 134 -1 136 -1 144 -1 #UTIL: 91
133 -1 134 -1 137 -1 #UTIL: 101
133 -1 134 -1 137 -1 270 -1 #UTIL: 106
133 -1 134 -1 137 -1 271 -1 #UTIL: 97
133 -1 134 -1 137 -1 273 -1 #UTIL: 102
133 -1 134 -1 137 -1 144 -1 #UTIL: 91
133 -1 135 -1 #UTIL: 82
133 -1 135 -1 136 -1 #UTIL: 120
133 -1 135 -1 136 -1 270 -1 #UTIL: 102
133 -1 135 -1 136 -1 271 -1 #UTIL: 93
133 -1 135 -1 136 -1 273 -1 #UTIL: 98
133 -1 135 -1 136 -1 137 -1 #UTIL: 98
133 -1 135 -1 136 -1 144 -1 #UTIL: 91
133 -1 135 -1 137 -1 #UTIL: 99
133 -1 135 -1 137 -1 270 -1 #UTIL: 104
133 -1 135 -1 137 -1 271 -1 #UTIL: 95
133 -1 135 -1 137 -1 273 -1 #UTIL: 100
133 -1 135 -1 137 -1 144 -1 #UTIL: 91
133 -1 136 -1 #UTIL: 81
133 -1 136 -1 137 -1 270 -1 #UTIL: 103
133 -1 136 -1 137 -1 271 -1 #UTIL: 94
133 -1 136 -1 137 -1 273 -1 #UTIL: 99
133 -1 137 -1 270 -1 #UTIL: 80
134 -1 135 -1 #UTIL: 82
134 -1 135 -1 136 -1 #UTIL: 120
134 -1 135 -1 136 -1 270 -1 #UTIL: 102
134 -1 135 -1 136 -1 271 -1 #UTIL: 93
134 -1 135 -1 136 -1 273 -1 #UTIL: 98
134 -1 135 -1 136 -1 137 -1 #UTIL: 98
134 -1 135 -1 136 -1 144 -1 #UTIL: 91
134 -1 135 -1 137 -1 #UTIL: 99
134 -1 135 -1 137 -1 270 -1 #UTIL: 104
134 -1 135 -1 137 -1 271 -1 #UTIL: 95
134 -1 135 -1 137 -1 273 -1 #UTIL: 100
134 -1 135 -1 137 -1 144 -1 #UTIL: 91
134 -1 136 -1 #UTIL: 81
134 -1 136 -1 137 -1 270 -1 #UTIL: 103
134 -1 136 -1 137 -1 271 -1 #UTIL: 94
134 -1 136 -1 137 -1 273 -1 #UTIL: 99
134 -1 137 -1 270 -1 #UTIL: 80
135 -1 136 -1 137 -1 270 -1 #UTIL: 101
135 -1 136 -1 137 -1 271 -1 #UTIL: 92
135 -1 136 -1 137 -1 273 -1 #UTIL: 97
2420 -1 2421 -1 2422 -1 2423 -1 #UTIL: 101
2420 -1 2421 -1 2422 -1 2438 -1 #UTIL: 99
2428 -1 2429 -1 2430 -1 2431 -1 #UTIL: 96
2428 -1 2429 -1 2430 -1 2433 -1 #UTIL: 96
2428 -1 2429 -1 2430 -1 2435 -1 #UTIL: 98
2428 -1 2429 -1 2430 -1 2436 -1 #UTIL: 94
2428 -1 2429 -1 2430 -1 2437 -1 #UTIL: 98
2428 -1 2429 -1 2430 -1 2438 -1 #UTIL: 93
2428 -1 2429 -1 2430 -1 2439 -1 #UTIL: 98
2428 -1 2429 -1 2430 -1 2440 -1 #UTIL: 92
2428 -1 2429 -1 2431 -1 2433 -1 #UTIL: 96
2428 -1 2429 -1 2431 -1 2435 -1 #UTIL: 98
2428 -1 2429 -1 2431 -1 2436 -1 #UTIL: 94
2428 -1 2429 -1 2431 -1 2437 -1 #UTIL: 98
2428 -1 2429 -1 2431 -1 2438 -1 #UTIL: 93
2428 -1 2429 -1 2431 -1 2439 -1 #UTIL: 98
2428 -1 2429 -1 2431 -1 2440 -1 #UTIL: 92
2428 -1 2429 -1 2433 -1 2435 -1 #UTIL: 98
2428 -1 2429 -1 2433 -1 2436 -1 #UTIL: 94
2428 -1 2429 -1 2433 -1 2437 -1 #UTIL: 98
2428 -1 2429 -1 2433 -1 2438 -1 #UTIL: 93
2428 -1 2429 -1 2433 -1 2439 -1 #UTIL: 98
2428 -1 2429 -1 2433 -1 2440 -1 #UTIL: 92
2428 -1 2429 -1 2436 -1 2437 -1 #UTIL: 96
2428 -1 2429 -1 2436 -1 2438 -1 #UTIL: 91
2428 -1 2429 -1 2436 -1 2440 -1 #UTIL: 90
2428 -1 2429 -1 2437 -1 2438 -1 #UTIL: 95
2428 -1 2429 -1 2437 -1 2440 -1 #UTIL: 94
2428 -1 2429 -1 2438 -1 2440 -1 #UTIL: 89
2428 -1 2429 -1 2439 -1 2440 -1 #UTIL: 94
2428 -1 2430 -1 2431 -1 2433 -1 #UTIL: 94
2428 -1 2430 -1 2431 -1 2435 -1 #UTIL: 96
2428 -1 2430 -1 2431 -1 2436 -1 #UTIL: 92
2428 -1 2430 -1 2431 -1 2437 -1 #UTIL: 96
2428 -1 2430 -1 2431 -1 2438 -1 #UTIL: 91
2428 -1 2430 -1 2431 -1 2439 -1 #UTIL: 96
2428 -1 2430 -1 2431 -1 2440 -1 #UTIL: 90
2428 -1 2430 -1 2433 -1 2435 -1 #UTIL: 96
2428 -1 2430 -1 2433 -1 2436 -1 #UTIL: 92
2428 -1 2430 -1 2433 -1 2437 -1 #UTIL: 96
2428 -1 2430 -1 2433 -1 2438 -1 #UTIL: 91
2428 -1 2430 -1 2433 -1 2439 -1 #UTIL: 96
2428 -1 2430 -1 2433 -1 2440 -1 #UTIL: 90
2428 -1 2430 -1 2436 -1 2437 -1 #UTIL: 94
2428 -1 2430 -1 2436 -1 2438 -1 #UTIL: 89
2428 -1 2430 -1 2436 -1 2440 -1 #UTIL: 88
2428 -1 2430 -1 2437 -1 2438 -1 #UTIL: 93
2428 -1 2430 -1 2437 -1 2440 -1 #UTIL: 92
2428 -1 2430 -1 2438 -1 2440 -1 #UTIL: 87
2428 -1 2430 -1 2439 -1 2440 -1 #UTIL: 92
2428 -1 2431 -1 2433 -1 2435 -1 #UTIL: 96
2428 -1 2431 -1 2433 -1 2436 -1 #UTIL: 92
2428 -1 2431 -1 2433 -1 2437 -1 #UTIL: 96
2428 -1 2431 -1 2433 -1 2438 -1 #UTIL: 91
2428 -1 2431 -1 2433 -1 2439 -1 #UTIL: 96
2428 -1 2431 -1 2433 -1 2440 -1 #UTIL: 90
2428 -1 2431 -1 2436 -1 2437 -1 #UTIL: 94
2428 -1 2431 -1 2436 -1 2438 -1 #UTIL: 89
2428 -1 2431 -1 2436 -1 2440 -1 #UTIL: 88
2428 -1 2431 -1 2437 -1 2438 -1 #UTIL: 93
2428 -1 2431 -1 2437 -1 2440 -1 #UTIL: 92
2428 -1 2431 -1 2438 -1 2440 -1 #UTIL: 87
2428 -1 2431 -1 2439 -1 2440 -1 #UTIL: 92
2428 -1 2433 -1 2436 -1 2437 -1 #UTIL: 94
2428 -1 2433 -1 2436 -1 2438 -1 #UTIL: 89
2428 -1 2433 -1 2436 -1 2440 -1 #UTIL: 88
2428 -1 2433 -1 2437 -1 2438 -1 #UTIL: 93
2428 -1 2433 -1 2437 -1 2440 -1 #UTIL: 92
2428 -1 2433 -1 2438 -1 2440 -1 #UTIL: 87
2428 -1 2433 -1 2439 -1 2440 -1 #UTIL: 92
2428 -1 2436 -1 2437 -1 2438 -1 #UTIL: 91
2428 -1 2436 -1 2437 -1 2440 -1 #UTIL: 90
2428 -1 2436 -1 2438 -1 2440 -1 #UTIL: 85
2428 -1 2437 -1 2438 -1 2440 -1 #UTIL: 89
2429 -1 2430 -1 2431 -1 2433 -1 #UTIL: 94
2429 -1 2430 -1 2431 -1 2435 -1 #UTIL: 96
2429 -1 2430 -1 2431 -1 2436 -1 #UTIL: 92
2429 -1 2430 -1 2431 -1 2437 -1 #UTIL: 96
2429 -1 2430 -1 2431 -1 2438 -1 #UTIL: 91
2429 -1 2430 -1 2431 -1 2439 -1 #UTIL: 96
2429 -1 2430 -1 2431 -1 2440 -1 #UTIL: 90
2429 -1 2430 -1 2433 -1 2435 -1 #UTIL: 96
2429 -1 2430 -1 2433 -1 2436 -1 #UTIL: 92
2429 -1 2430 -1 2433 -1 2437 -1 #UTIL: 96
2429 -1 2430 -1 2433 -1 2438 -1 #UTIL: 91
2429 -1 2430 -1 2433 -1 2439 -1 #UTIL: 96
2429 -1 2430 -1 2433 -1 2440 -1 #UTIL: 90
2429 -1 2430 -1 2436 -1 2437 -1 #UTIL: 94
2429 -1 2430 -1 2436 -1 2438 -1 #UTIL: 89
2429 -1 2430 -1 2436 -1 2440 -1 #UTIL: 88
2429 -1 2430 -1 2437 -1 2438 -1 #UTIL: 93
2429 -1 2430 -1 2437 -1 2440 -1 #UTIL: 92
2429 -1 2430 -1 2438 -1 2440 -1 #UTIL: 87
2429 -1 2430 -1 2439 -1 2440 -1 #UTIL: 92
2429 -1 2431 -1 2433 -1 2435 -1 #UTIL: 96
2429 -1 2431 -1 2433 -1 2436 -1 #UTIL: 92
2429 -1 2431 -1 2433 -1 2437 -1 #UTIL: 96
2429 -1 2431 -1 2433 -1 2438 -1 #UTIL: 91
2429 -1 2431 -1 2433 -1 2439 -1 #UTIL: 96
2429 -1 2431 -1 2433 -1 2440 -1 #UTIL: 90
2429 -1 2431 -1 2436 -1 2437 -1 #UTIL: 94
2429 -1 2431 -1 2436 -1 2438 -1 #UTIL: 89
2429 -1 2431 -1 2436 -1 2440 -1 #UTIL: 88
2429 -1 2431 -1 2437 -1 2438 -1 #UTIL: 93
2429 -1 2431 -1 2437 -1 2440 -1 #UTIL: 92
2429 -1 2431 -1 2438 -1 2440 -1 #UTIL: 87
2429 -1 2431 -1 2439 -1 2440 -1 #UTIL: 92
2429 -1 2433 -1 2436 -1 2437 -1 #UTIL: 94
2429 -1 2433 -1 2436 -1 2438 -1 #UTIL: 89
2429 -1 2433 -1 2436 -1 2440 -1 #UTIL: 88
2429 -1 2433 -1 2437 -1 2438 -1 #UTIL: 93
2429 -1 2433 -1 2437 -1 2440 -1 #UTIL: 92
2429 -1 2433 -1 2438 -1 2440 -1 #UTIL: 87
2429 -1 2433 -1 2439 -1 2440 -1 #UTIL: 92
2429 -1 2436 -1 2437 -1 2438 -1 #UTIL: 91
2429 -1 2436 -1 2437 -1 2440 -1 #UTIL: 90
2429 -1 2436 -1 2438 -1 2440 -1 #UTIL: 85
2429 -1 2437 -1 2438 -1 2440 -1 #UTIL: 89
2430 -1 2431 -1 2433 -1 2435 -1 #UTIL: 94
2430 -1 2431 -1 2433 -1 2436 -1 #UTIL: 90
2430 -1 2431 -1 2433 -1 2437 -1 #UTIL: 94
2430 -1 2431 -1 2433 -1 2438 -1 #UTIL: 89
2430 -1 2431 -1 2433 -1 2439 -1 #UTIL: 94
2430 -1 2431 -1 2433 -1 2440 -1 #UTIL: 88
2430 -1 2431 -1 2436 -1 2437 -1 #UTIL: 92
2430 -1 2431 -1 2436 -1 2438 -1 #UTIL: 87
2430 -1 2431 -1 2436 -1 2440 -1 #UTIL: 86
2430 -1 2431 -1 2437 -1 2438 -1 #UTIL: 91
2430 -1 2431 -1 2437 -1 2440 -1 #UTIL: 90
2430 -1 2431 -1 2438 -1 2440 -1 #UTIL: 85
2430 -1 2431 -1 2439 -1 2440 -1 #UTIL: 90
2430 -1 2433 -1 2436 -1 2437 -1 #UTIL: 92
2430 -1 2433 -1 2436 -1 2438 -1 #UTIL: 87
2430 -1 2433 -1 2436 -1 2440 -1 #UTIL: 86
2430 -1 2433 -1 2437 -1 2438 -1 #UTIL: 91
2430 -1 2433 -1 2437 -1 2440 -1 #UTIL: 90
2430 -1 2433 -1 2438 -1 2440 -1 #UTIL: 85
2430 -1 2433 -1 2439 -1 2440 -1 #UTIL: 90
2430 -1 2436 -1 2437 -1 2438 -1 #UTIL: 89
2430 -1 2436 -1 2437 -1 2440 -1 #UTIL: 88
2430 -1 2436 -1 2438 -1 2440 -1 #UTIL: 83
2430 -1 2437 -1 2438 -1 2440 -1 #UTIL: 87
2431 -1 2433 -1 2436 -1 2437 -1 #UTIL: 92
2431 -1 2433 -1 2436 -1 2438 -1 #UTIL: 87
2431 -1 2433 -1 2436 -1 2440 -1 #UTIL: 86
2431 -1 2433 -1 2437 -1 2438 -1 #UTIL: 91
2431 -1 2433 -1 2437 -1 2440 -1 #UTIL: 90
2431 -1 2433 -1 2438 -1 2440 -1 #UTIL: 85
2431 -1 2433 -1 2439 -1 2440 -1 #UTIL: 90
2431 -1 2436 -1 2437 -1 2438 -1 #UTIL: 89
2431 -1 2436 -1 2437 -1 2440 -1 #UTIL: 88
2431 -1 2436 -1 2438 -1 2440 -1 #UTIL: 83
2431 -1 2437 -1 2438 -1 2440 -1 #UTIL: 87
2433 -1 2436 -1 2437 -1 2438 -1 #UTIL: 89
2433 -1 2436 -1 2437 -1 2440 -1 #UTIL: 88
2433 -1 2436 -1 2438 -1 2440 -1 #UTIL: 83
2433 -1 2437 -1 2438 -1 2440 -1 #UTIL: 87
2436 -1 2437 -1 2438 -1 2440 -1 #UTIL: 85
2503 -1 2504 -1 2506 -1 #UTIL: 85
618 -1 619 -1 #UTIL: 82
618 -1 619 -1 620 -1 #UTIL: 99
618 -1 619 -1 623 -1 #UTIL: 94
618 -1 619 -1 623 -1 620 -1 #UTIL: 93
618 -1 619 -1 623 -1 621 -1 #UTIL: 98
2698 -1 2700 -1 2699 -1 2702 -1 #UTIL: 86
2698 -1 2700 -1 2699 -1 2703 -1 #UTIL: 87
2698 -1 2700 -1 2701 -1 2702 -1 #UTIL: 86
2698 -1 2700 -1 2701 -1 2703 -1 #UTIL: 87
2700 -1 2699 -1 2703 -1 #UTIL: 81
2785 -1 2786 -1 2787 -1 2788 -1 #UTIL: 96
2789 -1 2503 -1 2504 -1 2506 -1 #UTIL: 88
2789 -1 2503 -1 2505 -1 2506 -1 #UTIL: 90
2789 -1 2504 -1 2506 -1 #UTIL: 89
921 -1 922 -1 228 -1 229 -1 #UTIL: 80
923 -1 924 -1 925 -1 926 -1 #UTIL: 89
924 -1 925 -1 926 -1 #UTIL: 86
924 -1 925 -1 926 -1 927 -1 #UTIL: 90
1205 -1 1206 -1 #UTIL: 80
1205 -1 1206 -1 1207 -1 #UTIL: 122
1205 -1 1206 -1 1207 -1 1208 -1 #UTIL: 104
1205 -1 1206 -1 1207 -1 1209 -1 #UTIL: 99
1205 -1 1206 -1 1207 -1 962 -1 #UTIL: 104
1205 -1 1207 -1 #UTIL: 82
1206 -1 1207 -1 #UTIL: 82
1206 -1 1207 -1 1208 -1 #UTIL: 81
1206 -1 1207 -1 962 -1 #UTIL: 80
1300 -1 259 -1 260 -1 #UTIL: 80
1300 -1 1301 -1 259 -1 #UTIL: 89
1300 -1 1301 -1 259 -1 260 -1 #UTIL: 113
1300 -1 1301 -1 259 -1 261 -1 #UTIL: 86
1300 -1 1301 -1 260 -1 #UTIL: 86
1300 -1 1301 -1 260 -1 261 -1 #UTIL: 84
1301 -1 259 -1 260 -1 #UTIL: 84
1301 -1 259 -1 260 -1 261 -1 #UTIL: 82
1821 -1 1823 -1 1822 -1 1824 -1 #UTIL: 98
1821 -1 1823 -1 1825 -1 1824 -1 #UTIL: 98
1867 -1 1205 -1 1206 -1 1207 -1 #UTIL: 94
